1000 261.412398
999 261.517743
998 261.612504
997 261.692005
996 261.755407
995 261.801061
994 261.826988
993 261.834956
992 261.823397
991 261.79371
990 261.748581
989 261.687542
988 261.613594
987 261.530352
986 261.438236
985 261.341764
984 261.242457
983 261.144876
982 261.051047
981 260.962439
980 260.884762
979 260.816981
978 260.762199
977 260.722012
976 260.696906
975 260.686958
974 260.692462
973 260.713062
972 260.747562
971 260.794774
970 260.854093
969 260.924236
968 261.00098
967 261.086121
966 261.174863
965 261.266126
964 261.35796
963 261.447989
962 261.534565
961 261.615628
960 261.688364
959 261.755217
958 261.81025
957 261.855954
956 261.891414
955 261.914104
954 261.92555
953 261.924912
952 261.911584
951 261.886109
950 261.848369
949 261.79908
948 261.738838
947 261.667469
946 261.588576
945 261.500711
944 261.406096
943 261.306824
942 261.203147
941 261.097506
940 260.990627
939 260.885072
938 260.781954
937 260.682734
936 260.590467
935 260.506062
934 260.431141
933 260.368848
932 260.319586
931 260.2848
930 260.266124
929 260.264007
928 260.278725
927 260.309742
926 260.357229
925 260.419877
924 260.496336
923 260.585345
922 260.685333
921 260.793703
920 260.908617
919 261.027537
918 261.14766
917 261.266066
916 261.379679
915 261.485843
914 261.580933
913 261.662675
912 261.728856
911 261.776962
910 261.806232
909 261.816113
908 261.8058
907 261.776367
906 261.728767
905 261.663859
904 261.583825
903 261.490697
902 261.386194
901 261.273665
900 261.155703
899 261.034767
898 260.914802
897 260.798172
896 260.688296
895 260.588133
894 260.499372
893 260.425564
892 260.367088
891 260.325201
890 260.301386
889 260.29408
888 260.304656
887 260.330783
886 260.372462
885 260.427621
884 260.494097
883 260.571513
882 260.656818
881 260.747425
880 260.842684
879 260.93918
878 261.034593
877 261.127479
876 261.215436
875 261.297063
874 261.370456
873 261.43504
872 261.489707
871 261.533841
870 261.566977
869 261.590356
868 261.601971
867 261.60403
866 261.595754
865 261.578177
864 261.551568
863 261.517072
862 261.475838
861 261.427793
860 261.374866
859 261.31847
858 261.258637
857 261.196977
856 261.134945
855 261.072611
854 261.011536
853 260.951973
852 260.895558
851 260.84308
850 260.793974
849 260.751756
848 260.715186
847 260.685572
846 260.664332
845 260.651161
844 260.646643
843 260.650959
842 260.663774
841 260.685736
840 260.71524
839 260.752452
838 260.796469
837 260.845655
836 260.899869
835 260.957006
834 261.016064
833 261.074774
832 261.132166
831 261.186006
830 261.234444
829 261.27588
828 261.309124
827 261.331909
826 261.344174
825 261.344368
824 261.332656
823 261.309189
822 261.274024
821 261.22866
820 261.173456
819 261.110354
818 261.040999
817 260.967064
816 260.890766
815 260.814226
814 260.739532
813 260.668902
812 260.60475
811 260.549119
810 260.503845
809 260.470427
808 260.449826
807 260.443346
806 260.450899
805 260.472527
804 260.507517
803 260.555511
802 260.614228
801 260.683294
800 260.760587
799 260.843339
798 260.930484
797 261.019256
796 261.107121
795 261.192496
794 261.272576
793 261.345731
792 261.409854
791 261.462876
790 261.50433
789 261.532545
788 261.547108
787 261.547751
786 261.535488
785 261.509567
784 261.471818
783 261.422968
782 261.364568
781 261.297643
780 261.224287
779 261.145934
778 261.063102
777 260.978863
776 260.893828
775 260.810249
774 260.729584
773 260.653127
772 260.58285
771 260.519382
770 260.464602
769 260.419317
768 260.383323
767 260.357851
766 260.343265
765 260.339094
764 260.346294
763 260.363699
762 260.39255
761 260.431783
760 260.480829
759 260.539993
758 260.607567
757 260.683185
756 260.765536
755 260.852739
754 260.943701
753 261.036512
752 261.129346
751 261.220589
750 261.307988
749 261.390288
748 261.465447
747 261.532052
746 261.588092
745 261.632358
744 261.663973
743 261.68119
742 261.683401
741 261.670224
740 261.64116
739 261.597212
738 261.538149
737 261.465726
736 261.381463
735 261.286923
734 261.184631
733 261.076814
732 260.965829
731 260.854377
730 260.745199
729 260.640591
728 260.543144
727 260.455412
726 260.379834
725 260.317081
724 260.271325
723 260.24152
722 260.22927
721 260.236112
720 260.260052
719 260.301511
718 260.359406
717 260.43172
716 260.51732
715 260.613148
714 260.71805
713 260.829478
712 260.943828
711 261.059928
710 261.174273
709 261.284864
708 261.388598
707 261.484041
706 261.56882
705 261.640866
704 261.699204
703 261.743679
702 261.771681
701 261.784979
700 261.783235
699 261.76672
698 261.736697
697 261.694079
696 261.640885
695 261.577336
694 261.50597
693 261.428679
692 261.346312
691 261.260753
690 261.174667
689 261.088542
688 261.00439
687 260.925006
686 260.85002
685 260.782632
684 260.72256
683 260.671669
682 260.630937
681 260.599142
680 260.578563
679 260.568851
678 260.568469
677 260.579715
676 260.60075
675 260.63126
674 260.671154
673 260.7192
672 260.7752
671 260.836337
670 260.902671
669 260.972089
668 261.042138
667 261.112076
666 261.180168
665 261.243737
664 261.302459
663 261.353846
662 261.397602
661 261.431161
660 261.454465
659 261.466568
658 261.465944
657 261.453095
656 261.427783
655 261.389886
654 261.339872
653 261.279767
652 261.209982
651 261.132796
650 261.050376
649 260.964763
648 260.878704
647 260.793967
646 260.713634
645 260.639524
644 260.573841
643 260.518441
642 260.474974
641 260.444361
640 260.428424
639 260.427199
638 260.44185
637 260.471482
636 260.516602
635 260.575271
634 260.646987
633 260.729472
632 260.820541
631 260.917335
630 261.018104
629 261.119539
628 261.218515
627 261.313641
626 261.401696
625 261.480314
624 261.548693
623 261.603839
622 261.645473
621 261.672224
620 261.682586
619 261.678564
618 261.657237
617 261.621648
616 261.572662
615 261.510096
614 261.437886
613 261.357049
612 261.269616
611 261.17925
610 261.08712
609 260.996661
608 260.909055
607 260.826464
606 260.752692
605 260.685832
604 260.630465
603 260.586478
602 260.55471
601 260.536546
600 260.531674
599 260.541851
598 260.564597
597 260.601282
596 260.650463
595 260.711501
594 260.782027
593 260.862408
592 260.949933
591 261.042536
590 261.139821
589 261.239579
588 261.339318
587 261.438237
586 261.533912
585 261.625435
584 261.708856
583 261.7841
582 261.849329
581 261.900533
580 261.939739
579 261.962507
578 261.969741
577 261.960501
576 261.93385
575 261.890891
574 261.830711
573 261.754491
572 261.664586
571 261.559685
570 261.443594
569 261.318355
568 261.184814
567 261.047146
566 260.907173
565 260.768942
564 260.634571
563 260.507901
562 260.391951
561 260.288714
560 260.201419
559 260.132477
558 260.083114
557 260.05472
556 260.049162
555 260.065017
554 260.103837
553 260.164191
552 260.24514
551 260.344908
550 260.46116
549 260.591168
548 260.732143
547 260.879706
546 261.030822
545 261.180996
544 261.326415
543 261.463147
542 261.587966
541 261.697534
540 261.789363
539 261.861339
538 261.911816
537 261.939255
536 261.944258
535 261.926109
534 261.885001
533 261.823111
532 261.741669
531 261.642875
530 261.529963
529 261.40561
528 261.27342
527 261.137297
526 261.000509
525 260.866517
524 260.739212
523 260.620462
522 260.51408
521 260.42107
520 260.343798
519 260.283836
518 260.240946
517 260.216775
516 260.211011
515 260.222747
514 260.252488
513 260.298101
512 260.359102
511 260.433195
510 260.518059
509 260.612791
508 260.713375
507 260.818328
506 260.92551
505 261.031386
504 261.134691
503 261.233705
502 261.325777
501 261.410354
500 261.484911
499 261.549903
498 261.602624
497 261.643103
496 261.670223
495 261.684325
494 261.683495
493 261.669685
492 261.642433
491 261.601545
490 261.549462
489 261.486064
488 261.413614
487 261.332148
486 261.244685
485 261.152605
484 261.056651
483 260.960557
482 260.865291
481 260.772824
480 260.685946
479 260.606381
478 260.536383
477 260.477876
476 260.432162
475 260.402099
474 260.386722
473 260.388021
472 260.406878
471 260.441759
470 260.493323
469 260.559621
468 260.639966
467 260.73197
466 260.83333
465 260.942423
464 261.055354
463 261.169286
462 261.281725
461 261.388312
460 261.486624
459 261.573005
458 261.644518
457 261.69853
456 261.733043
455 261.746304
454 261.737756
453 261.70647
452 261.653182
451 261.579365
450 261.485926
449 261.375603
448 261.251144
447 261.115548
446 260.972103
445 260.825221
444 260.67847
443 260.536002
442 260.402411
441 260.280757
440 260.175175
439 260.088793
438 260.02404
437 259.983012
436 259.966897
435 259.976259
434 260.011058
433 260.070416
432 260.152671
431 260.25602
430 260.377854
429 260.514585
428 260.663067
427 260.819868
426 260.980374
425 261.140879
424 261.297352
423 261.44519
422 261.581654
421 261.702614
420 261.805201
419 261.887269
418 261.946937
417 261.982347
416 261.994586
415 261.982231
414 261.947024
413 261.889957
412 261.812385
411 261.71676
410 261.60564
409 261.481376
408 261.3468
407 261.205275
406 261.059604
405 260.913017
404 260.76894
403 260.630373
402 260.499871
401 260.380231
400 260.273659
399 260.181584
398 260.106243
397 260.047542
396 260.007295
395 259.98559
394 259.981932
393 259.99744
392 260.031157
391 260.082483
390 260.150919
389 260.235148
388 260.333866
387 260.445129
386 260.56722
385 260.697873
384 260.833984
383 260.973965
382 261.114244
381 261.252863
380 261.386841
379 261.513375
378 261.630144
377 261.735022
376 261.824902
375 261.898128
374 261.952871
373 261.98671
372 261.998936
371 261.988153
370 261.954102
369 261.896723
368 261.817362
367 261.716668
366 261.597194
365 261.461834
364 261.312993
363 261.154668
362 260.990641
361 260.824359
360 260.660532
359 260.502485
358 260.354716
357 260.221102
356 260.104849
355 260.009257
354 259.93758
353 259.892004
352 259.873583
351 259.883725
350 259.92276
349 259.988857
348 260.081331
347 260.19801
346 260.334715
345 260.489795
344 260.657199
343 260.833772
342 261.014806
341 261.194512
340 261.369172
339 261.533745
338 261.682551
337 261.813894
336 261.922122
335 262.005279
334 262.061354
333 262.088938
332 262.087384
331 262.057193
330 262.000204
329 261.918165
328 261.813872
327 261.691307
326 261.554244
325 261.406269
324 261.253257
323 261.098266
322 260.946526
321 260.801957
320 260.667935
319 260.549272
318 260.447036
317 260.365088
316 260.305165
315 260.267445
314 260.253162
313 260.262424
312 260.293138
311 260.344707
310 260.414765
309 260.50116
308 260.60098
307 260.710335
306 260.828604
305 260.949677
304 261.071884
303 261.192749
302 261.307753
301 261.414897
300 261.512198
299 261.596585
298 261.667398
297 261.721902
296 261.760796
295 261.782573
294 261.78718
293 261.775583
292 261.748208
291 261.70497
290 261.64822
289 261.578664
288 261.496921
287 261.405683
286 261.305413
285 261.198883
284 261.086774
283 260.972026
282 260.856523
281 260.741959
280 260.631324
279 260.526597
278 260.429703
277 260.343466
276 260.269511
275 260.209328
274 260.165
273 260.136959
272 260.127526
271 260.136143
270 260.164022
269 260.212002
268 260.278807
267 260.36481
266 260.469329
265 260.59029
264 260.726112
263 260.874403
262 261.03168
261 261.194333
260 261.359021
259 261.521315
258 261.676409
257 261.820669
256 261.950369
255 262.060792
254 262.149122
253 262.213068
252 262.249174
251 262.256814
250 262.234569
249 262.182728
248 262.102032
247 261.993625
246 261.86007
245 261.705302
244 261.531608
243 261.345017
242 261.150614
241 260.951573
240 260.756466
239 260.568602
238 260.393724
237 260.237726
236 260.103985
235 259.997422
234 259.920133
233 259.875114
232 259.863975
231 259.886234
230 259.942161
229 260.031606
228 260.149351
227 260.295654
226 260.464091
225 260.651813
224 260.852743
223 261.061857
222 261.274649
221 261.483586
220 261.684428
219 261.873262
218 262.043106
217 262.191714
216 262.31562
215 262.411222
214 262.477358
213 262.512758
212 262.517665
211 262.49155
210 262.436914
209 262.355687
208 262.250588
207 262.123838
206 261.981528
205 261.82521
204 261.659677
203 261.489867
202 261.318594
201 261.150946
200 260.988907
199 260.837328
198 260.698588
197 260.57351
196 260.466309
195 260.377783
194 260.307267
193 260.257927
192 260.22836
191 260.218047
190 260.228116
189 260.255436
188 260.301265
187 260.361902
186 260.437499
185 260.526365
184 260.625136
183 260.733252
182 260.849004
181 260.968402
180 261.09113
179 261.213976
178 261.334735
177 261.450866
176 261.559905
175 261.659836
174 261.747792
173 261.821474
172 261.880118
171 261.920748
170 261.942592
169 261.945856
168 261.928419
167 261.891338
166 261.834531
165 261.759217
164 261.66576
163 261.556475
162 261.433425
161 261.298826
160 261.155542
159 261.00767
158 260.858283
157 260.71099
156 260.570666
155 260.440295
154 260.324876
153 260.226821
152 260.150279
151 260.097247
150 260.069536
149 260.068897
148 260.095715
147 260.148864
146 260.228132
145 260.332061
144 260.456114
143 260.59995
142 260.758165
141 260.926663
140 261.102135
139 261.278582
138 261.451515
137 261.616048
136 261.766537
135 261.900572
134 262.01062
133 262.096242
132 262.153954
131 262.181244
130 262.178037
129 262.144322
128 262.080844
127 261.990071
126 261.874013
125 261.737532
124 261.583123
123 261.415892
122 261.242143
121 261.064639
120 260.890354
119 260.724032
118 260.569471
117 260.431684
116 260.314271
115 260.220432
114 260.151858
113 260.110884
112 260.097455
111 260.113106
110 260.154693
109 260.222964
108 260.315025
107 260.427199
106 260.557805
105 260.702506
104 260.857342
103 261.018132
102 261.180872
101 261.342009
100 261.496047
99 261.640651
98 261.772354
97 261.886292
96 261.9829
95 262.057821
94 262.110771
93 262.1408
92 262.147156
91 262.130798
90 262.091922
89 262.031243
88 261.952248
87 261.854133
86 261.740862
85 261.614738
84 261.477358
83 261.332538
82 261.182612
81 261.030446
80 260.878766
79 260.730431
78 260.588263
77 260.45452
76 260.331004
75 260.221237
74 260.126451
73 260.048032
72 259.989247
71 259.949769
70 259.931536
69 259.935328
68 259.96096
67 260.008514
66 260.0775
65 260.166616
64 260.27506
63 260.399993
62 260.540005
61 260.692228
60 260.853075
59 261.019959
58 261.188927
57 261.356257
56 261.518209
55 261.670937
54 261.81078
53 261.933506
52 262.036336
51 262.116087
50 262.169698
49 262.1961
48 262.193811
47 262.161662
46 262.100775
45 262.012213
44 261.897297
43 261.759969
42 261.602306
41 261.428678
40 261.243753
39 261.051547
38 260.857456
37 260.666231
36 260.48259
35 260.31144
34 260.157384
33 260.024076
32 259.915113
31 259.833374
30 259.780934
29 259.758809
28 259.767885
27 259.807362
26 259.875858
25 259.972408
24 260.092613
23 260.234104
22 260.392731
21 260.563737
20 260.742475
19 260.924899
18 261.104375
17 261.27789
16 261.439675
15 261.586101
14 261.713377
13 261.818454
12 261.898905
11 261.95369
10 261.98082
9 261.981033
8 261.954919
7 261.903313
6 261.829206
5 261.734389
4 261.622517
3 261.496265
2 261.360066
1 261.217449
