1000 308.02081
999 308.044151
998 308.068123
997 308.089729
996 308.110444
995 308.130031
994 308.146561
993 308.162655
992 308.175878
991 308.186937
990 308.197437
989 308.205001
988 308.211022
987 308.216575
986 308.219893
985 308.223096
984 308.224641
983 308.226495
982 308.228282
981 308.228502
980 308.230516
979 308.231972
978 308.233667
977 308.236039
976 308.239051
975 308.24224
974 308.245853
973 308.250466
972 308.255228
971 308.259616
970 308.264968
969 308.271037
968 308.275231
967 308.281185
966 308.286246
965 308.29056
964 308.294619
963 308.297895
962 308.300708
961 308.302451
960 308.301713
959 308.302136
958 308.298954
957 308.295073
956 308.290935
955 308.28369
954 308.275629
953 308.266602
952 308.255422
951 308.24289
950 308.228639
949 308.21351
948 308.197155
947 308.178527
946 308.161055
945 308.140889
944 308.120529
943 308.100335
942 308.079228
941 308.058397
940 308.036992
939 308.016468
938 307.995992
937 307.975517
936 307.956626
935 307.938499
934 307.920773
933 307.904938
932 307.89005
931 307.876644
930 307.864945
929 307.854892
928 307.846759
927 307.839523
926 307.834733
925 307.831719
924 307.829802
923 307.829649
922 307.831302
921 307.83354
920 307.83752
919 307.842378
918 307.847789
917 307.854042
916 307.860358
915 307.866561
914 307.872559
913 307.877695
912 307.882265
911 307.88546
910 307.887695
909 307.888818
908 307.888224
907 307.886654
906 307.884186
905 307.880296
904 307.875772
903 307.870495
902 307.864662
901 307.858936
900 307.852954
899 307.84756
898 307.842648
897 307.838304
896 307.835279
895 307.833303
894 307.832193
893 307.833704
892 307.836416
891 307.840085
890 307.8467
889 307.853477
888 307.862871
887 307.872845
886 307.884478
885 307.897126
884 307.909849
883 307.924282
882 307.9387
881 307.952815
880 307.96793
879 307.982266
878 307.995833
877 308.009075
876 308.021506
875 308.033196
874 308.042921
873 308.052087
872 308.060002
871 308.065725
870 308.070059
869 308.074011
868 308.074842
867 308.075163
866 308.073908
865 308.070905
864 308.066945
863 308.061169
862 308.055283
861 308.04738
860 308.038886
859 308.029814
858 308.020026
857 308.009381
856 307.999222
855 307.988148
854 307.977657
853 307.96658
852 307.955934
851 307.946004
850 307.934933
849 307.926114
848 307.916706
847 307.907839
846 307.900063
845 307.892907
844 307.88643
843 307.88086
842 307.875781
841 307.872203
840 307.868632
839 307.866391
838 307.865076
837 307.863757
836 307.86391
835 307.864004
834 307.864914
833 307.865876
832 307.866999
831 307.868335
830 307.869143
829 307.869526
828 307.869612
827 307.868491
826 307.867256
825 307.864833
824 307.861467
823 307.857394
822 307.852129
821 307.846569
820 307.840127
819 307.832971
818 307.826175
817 307.818836
816 307.811467
815 307.80443
814 307.797782
813 307.791842
812 307.786532
811 307.782338
810 307.779294
809 307.777167
808 307.776317
807 307.777012
806 307.778914
805 307.782276
804 307.786576
803 307.792592
802 307.799037
801 307.807023
800 307.815862
799 307.824907
798 307.834641
797 307.844599
796 307.854632
795 307.864212
794 307.873302
793 307.882021
792 307.889661
791 307.896032
790 307.901577
789 307.90535
788 307.907741
787 307.908775
786 307.908607
785 307.906585
784 307.903565
783 307.899353
782 307.894312
781 307.888041
780 307.881162
779 307.873879
778 307.865567
777 307.857602
776 307.848818
775 307.840274
774 307.831708
773 307.823242
772 307.815642
771 307.807818
770 307.801004
769 307.795026
768 307.789244
767 307.784646
766 307.78099
765 307.777893
764 307.776196
763 307.774622
762 307.774986
761 307.775976
760 307.777562
759 307.780664
758 307.784329
757 307.788817
756 307.794355
755 307.800378
754 307.806999
753 307.813864
752 307.821331
751 307.82885
750 307.836132
749 307.843702
748 307.85052
747 307.85737
746 307.863062
745 307.868212
744 307.872809
743 307.876043
742 307.878353
741 307.87943
740 307.879057
739 307.878115
738 307.875557
737 307.872568
736 307.868358
735 307.863613
734 307.858554
733 307.853198
732 307.847688
731 307.842932
730 307.838637
729 307.834746
728 307.831824
727 307.82999
726 307.829877
725 307.829747
724 307.832501
723 307.835731
722 307.840186
721 307.847206
720 307.854936
719 307.864234
718 307.874789
717 307.886362
716 307.899559
715 307.912838
714 307.92741
713 307.942739
712 307.957399
711 307.973149
710 307.988246
709 308.003177
708 308.017006
707 308.029992
706 308.042128
705 308.052186
704 308.060997
703 308.069071
702 308.074146
701 308.078166
700 308.080617
699 308.081101
698 308.07997
697 308.07722
696 308.073883
695 308.068506
694 308.062709
693 308.056436
692 308.04881
691 308.040495
690 308.033074
689 308.024522
688 308.015733
687 308.00841
686 307.999657
685 307.992343
684 307.984729
683 307.977746
682 307.971961
681 307.965399
680 307.960537
679 307.956431
678 307.951822
677 307.948967
676 307.946211
675 307.944092
674 307.942455
673 307.941321
672 307.94143
671 307.940875
670 307.941111
669 307.941749
668 307.941657
667 307.942089
666 307.942409
665 307.941599
664 307.940721
663 307.938907
662 307.936881
661 307.933204
660 307.928885
659 307.924086
658 307.917607
657 307.910593
656 307.902881
655 307.893966
654 307.883983
653 307.874091
652 307.863318
651 307.852293
650 307.841324
649 307.830623
648 307.82047
647 307.810895
646 307.802599
645 307.795125
644 307.789185
643 307.784822
642 307.782033
641 307.780732
640 307.781856
639 307.784277
638 307.789341
637 307.795722
636 307.804537
635 307.814707
634 307.826697
633 307.840265
632 307.855255
631 307.870894
630 307.887755
629 307.905171
628 307.922332
627 307.939818
626 307.957459
625 307.973573
624 307.990125
623 308.004878
622 308.01861
621 308.031257
620 308.041637
619 308.052418
618 308.059284
617 308.065809
616 308.071143
615 308.073616
614 308.076269
613 308.077586
612 308.077363
611 308.077231
610 308.075757
609 308.074879
608 308.073559
607 308.071705
606 308.071815
605 308.070011
604 308.069894
603 308.070569
602 308.071122
601 308.072672
600 308.074461
599 308.077943
598 308.08076
597 308.084807
596 308.089405
595 308.094922
594 308.099677
593 308.105848
592 308.111821
591 308.117306
590 308.1236
589 308.129548
588 308.134966
587 308.140283
586 308.14467
585 308.149212
584 308.151567
583 308.153854
582 308.155582
581 308.153886
580 308.152722
579 308.14861
578 308.143142
577 308.13631
576 308.12705
575 308.11668
574 308.10387
573 308.089316
572 308.074828
571 308.057199
570 308.039381
569 308.021223
568 308.001115
567 307.982035
566 307.962228
565 307.942949
564 307.923966
563 307.90575
562 307.888959
561 307.872994
560 307.858463
559 307.846164
558 307.835214
557 307.825935
556 307.819145
555 307.813989
554 307.811095
553 307.810056
552 307.811244
551 307.814008
550 307.818446
549 307.824554
548 307.832282
547 307.840223
546 307.849913
545 307.859436
544 307.86886
543 307.8785
542 307.8872
541 307.894593
540 307.901204
539 307.906239
538 307.909695
537 307.91105
536 307.910962
535 307.909154
534 307.904995
533 307.89982
532 307.892976
531 307.885076
530 307.876134
529 307.866788
528 307.857123
527 307.847687
526 307.838471
525 307.830143
524 307.822659
523 307.816316
522 307.811869
521 307.808446
520 307.806848
519 307.80738
518 307.808749
517 307.812469
516 307.817962
515 307.824391
514 307.832985
513 307.842411
512 307.853748
511 307.865988
510 307.878403
509 307.892544
508 307.906514
507 307.920485
506 307.935261
505 307.949149
504 307.962279
503 307.975597
502 307.987433
501 307.998572
500 308.008036
499 308.016868
498 308.023716
497 308.029057
496 308.03274
495 308.035552
494 308.035125
493 308.034231
492 308.031451
491 308.026274
490 308.020697
489 308.012786
488 308.004636
487 307.994291
486 307.983471
485 307.972633
484 307.960035
483 307.947967
482 307.935936
481 307.923569
480 307.911781
479 307.900503
478 307.889861
477 307.880352
476 307.870945
475 307.864373
474 307.857458
473 307.852764
472 307.849828
471 307.847512
470 307.847327
469 307.848118
468 307.850396
467 307.853947
466 307.85808
465 307.863656
464 307.869514
463 307.87511
462 307.881801
461 307.887447
460 307.892816
459 307.897168
458 307.900585
457 307.902466
456 307.902454
455 307.900615
454 307.897396
453 307.891738
452 307.88408
451 307.874977
450 307.86397
449 307.851951
448 307.838734
447 307.824819
446 307.810247
445 307.79586
444 307.781739
443 307.768369
442 307.756084
441 307.744722
440 307.735346
439 307.72772
438 307.722165
437 307.71883
436 307.717594
435 307.718682
434 307.722218
433 307.727551
432 307.735191
431 307.74474
430 307.756312
429 307.769162
428 307.783204
427 307.798439
426 307.814174
425 307.829701
424 307.845614
423 307.860696
422 307.874869
421 307.88764
420 307.89893
419 307.908037
418 307.915288
417 307.91962
416 307.922415
415 307.922294
414 307.920178
413 307.915834
412 307.909194
411 307.901057
410 307.891501
409 307.880511
408 307.868629
407 307.855944
406 307.84309
405 307.830001
404 307.816949
403 307.80485
402 307.793105
401 307.782193
400 307.772664
399 307.763823
398 307.756944
397 307.750692
396 307.746412
395 307.743376
394 307.741602
393 307.741741
392 307.743046
391 307.745687
390 307.750257
389 307.755636
388 307.762395
387 307.770245
386 307.779122
385 307.789349
384 307.799338
383 307.810502
382 307.821966
381 307.833113
380 307.844056
379 307.854703
378 307.864659
377 307.873884
376 307.881713
375 307.888283
374 307.893325
373 307.896654
372 307.897766
371 307.897029
370 307.894517
369 307.889674
368 307.883266
367 307.875017
366 307.865087
365 307.85444
364 307.842632
363 307.830724
362 307.818197
361 307.805954
360 307.79479
359 307.784053
358 307.774786
357 307.767153
356 307.761049
355 307.75724
354 307.755415
353 307.756299
352 307.759309
351 307.764557
350 307.772844
349 307.782936
348 307.795442
347 307.810607
346 307.826849
345 307.845535
344 307.864813
343 307.885273
342 307.906531
341 307.927325
340 307.948172
339 307.968481
338 307.986153
337 308.003709
336 308.017937
335 308.029791
334 308.039257
333 308.045911
332 308.049658
331 308.050036
330 308.04799
329 308.043716
328 308.036773
327 308.028144
326 308.018506
325 308.007116
324 307.995744
323 307.984092
322 307.972727
321 307.961944
320 307.951934
319 307.943785
318 307.93609
317 307.930305
316 307.926666
315 307.924016
314 307.923745
313 307.925313
312 307.927829
311 307.932722
310 307.93842
309 307.945667
308 307.954055
307 307.962212
306 307.972669
305 307.981887
304 307.99134
303 308.001382
302 308.009789
301 308.017312
300 308.024247
299 308.029279
298 308.0335
297 308.035032
296 308.035684
295 308.033973
294 308.030307
293 308.025333
292 308.018843
291 308.009978
290 308.000152
289 307.989064
288 307.976533
287 307.963095
286 307.949121
285 307.93473
284 307.919189
283 307.904005
282 307.889324
281 307.874314
280 307.860204
279 307.846945
278 307.834189
277 307.82289
276 307.813276
275 307.804495
274 307.797849
273 307.792558
272 307.78969
271 307.788219
270 307.789218
269 307.792707
268 307.797686
267 307.805126
266 307.814951
265 307.826673
264 307.840143
263 307.855659
262 307.872567
261 307.890725
260 307.909636
259 307.929452
258 307.948869
257 307.967753
256 307.986344
255 308.003546
254 308.018475
253 308.032522
252 308.043419
251 308.052362
250 308.05863
249 308.062071
248 308.063074
247 308.061738
246 308.057862
245 308.053063
244 308.045753
243 308.037771
242 308.030029
241 308.020702
240 308.013377
239 308.006011
238 307.999928
237 307.995829
236 307.992816
235 307.992691
234 307.994214
233 307.998287
232 308.005327
231 308.013744
230 308.024744
229 308.038978
228 308.05309
227 308.071248
226 308.089914
225 308.110102
224 308.131062
223 308.152637
222 308.174707
221 308.195734
220 308.215774
219 308.235526
218 308.252004
217 308.266561
216 308.278987
215 308.288151
214 308.293802
213 308.296321
212 308.296039
211 308.291589
210 308.284278
209 308.274229
208 308.262076
207 308.246171
206 308.230399
205 308.212219
204 308.193214
203 308.17438
202 308.154778
201 308.13602
200 308.117229
199 308.099869
198 308.083906
197 308.067916
196 308.054495
195 308.042973
194 308.031153
193 308.022615
192 308.015587
191 308.00901
190 308.005053
189 308.001491
188 308.000681
187 307.999319
186 308.000285
185 308.002618
184 308.004783
183 308.008198
182 308.013162
181 308.017286
180 308.022591
179 308.028056
178 308.033159
177 308.038036
176 308.042483
175 308.04615
174 308.048804
173 308.050019
172 308.050689
171 308.048802
170 308.045456
169 308.041231
168 308.034342
167 308.026002
166 308.015956
165 308.004852
164 307.991994
163 307.977884
162 307.963066
161 307.947576
160 307.931463
159 307.916106
158 307.900941
157 307.886153
156 307.873097
155 307.861322
154 307.85153
153 307.843658
152 307.838336
151 307.835391
150 307.835172
149 307.837672
148 307.843098
147 307.850645
146 307.861281
145 307.874959
144 307.889575
143 307.907551
142 307.926772
141 307.946937
140 307.968843
139 307.990642
138 308.01312
137 308.034439
136 308.054662
135 308.074972
134 308.090755
133 308.105738
132 308.118164
131 308.126766
130 308.132759
129 308.135736
128 308.135121
127 308.131997
126 308.126052
125 308.118375
124 308.108571
123 308.096616
122 308.085373
121 308.072203
120 308.059256
119 308.047223
118 308.035458
117 308.024683
116 308.015706
115 308.008232
114 308.001987
113 307.998019
112 307.995441
111 307.99567
110 307.996155
109 308.000076
108 308.004921
107 308.010825
106 308.018885
105 308.027372
104 308.036923
103 308.046602
102 308.056567
101 308.06641
100 308.074821
99 308.082905
98 308.090486
97 308.094766
96 308.098979
95 308.10015
94 308.099509
93 308.096878
92 308.091576
91 308.084428
90 308.074961
89 308.062842
88 308.050436
87 308.034858
86 308.018491
85 308.001696
84 307.983197
83 307.964608
82 307.945532
81 307.926973
80 307.908216
79 307.890171
78 307.873155
77 307.857301
76 307.841856
75 307.828392
74 307.816247
73 307.805527
72 307.797326
71 307.790247
70 307.78528
69 307.782248
68 307.781246
67 307.782249
66 307.785071
65 307.789575
64 307.796231
63 307.804035
62 307.813841
61 307.824932
60 307.836381
59 307.849408
58 307.862499
57 307.87577
56 307.888879
55 307.901441
54 307.913119
53 307.923222
52 307.931741
51 307.938379
50 307.942106
49 307.943838
48 307.942833
47 307.938625
46 307.932283
45 307.923356
44 307.911843
43 307.898905
42 307.883795
41 307.867915
40 307.851289
39 307.833956
38 307.817317
37 307.800983
36 307.785743
35 307.772004
34 307.759989
33 307.749564
32 307.741897
31 307.736343
30 307.733512
29 307.733035
28 307.735327
27 307.7401
26 307.74696
25 307.756951
24 307.768215
23 307.781602
22 307.796689
21 307.812767
20 307.82947
19 307.846822
18 307.864096
17 307.880563
16 307.895988
15 307.910298
14 307.922377
13 307.93241
12 307.939793
11 307.945149
10 307.946793
9 307.946292
8 307.942967
7 307.936721
6 307.928635
5 307.918069
4 307.906068
3 307.892298
2 307.87786
1 307.863044
