1000 348.90545
999 348.874793
998 348.852293
997 348.836163
996 348.829186
995 348.831787
994 348.842376
993 348.864773
992 348.894825
991 348.933135
990 348.981382
989 349.034788
988 349.093997
987 349.159611
986 349.226592
985 349.296246
984 349.365364
983 349.433894
982 349.499535
981 349.55904
980 349.615078
979 349.662784
978 349.70234
977 349.733461
976 349.755444
975 349.767628
974 349.770214
973 349.763535
972 349.748707
971 349.724584
970 349.694142
969 349.657655
968 349.613063
967 349.566543
966 349.515348
965 349.461901
964 349.407331
963 349.352784
962 349.299455
961 349.248331
960 349.198371
959 349.154832
958 349.112625
957 349.07568
956 349.044669
955 349.017442
954 348.996335
953 348.981163
952 348.970946
951 348.966784
950 348.967842
949 348.974732
948 348.987091
947 349.00314
946 349.025698
945 349.050644
944 349.079255
943 349.111283
942 349.144311
941 349.179595
940 349.214906
939 349.25053
938 349.284802
937 349.316675
936 349.346519
935 349.37203
934 349.391573
933 349.406819
932 349.414768
931 349.41498
930 349.407898
929 349.391726
928 349.368056
927 349.335394
926 349.295337
925 349.247763
924 349.19328
923 349.133251
922 349.069074
921 349.000828
920 348.930397
919 348.859383
918 348.788312
917 348.719777
916 348.654508
915 348.594453
914 348.541025
913 348.495434
912 348.459338
911 348.432665
910 348.416904
909 348.412116
908 348.418236
907 348.435265
906 348.462486
905 348.499115
904 348.544771
903 348.59793
902 348.657731
901 348.723043
900 348.791844
899 348.863193
898 348.935016
897 349.005774
896 349.073915
895 349.13773
894 349.195704
893 349.247555
892 349.291028
891 349.325937
890 349.352557
889 349.36934
888 349.378439
887 349.377548
886 349.369583
885 349.35412
884 349.33146
883 349.303609
882 349.271546
881 349.234528
880 349.196264
879 349.156294
878 349.11561
877 349.075872
876 349.038472
875 349.003341
874 348.971096
873 348.943448
872 348.920136
871 348.900885
870 348.885938
869 348.877014
868 348.870797
867 348.86991
866 348.873071
865 348.880226
864 348.890627
863 348.904309
862 348.921458
861 348.9401
860 348.960927
859 348.983436
858 349.006428
857 349.029822
856 349.054025
855 349.077123
854 349.099849
853 349.120916
852 349.140967
851 349.158937
850 349.173157
849 349.185984
848 349.194727
847 349.199371
846 349.20061
845 349.197063
844 349.189113
843 349.176657
842 349.159413
841 349.138603
840 349.112859
839 349.084154
838 349.052132
837 349.017236
836 348.981194
835 348.94305
834 348.905381
833 348.867552
832 348.831401
831 348.79761
830 348.766393
829 348.739514
828 348.717615
827 348.700424
826 348.690061
825 348.685874
824 348.687949
823 348.696587
822 348.711251
821 348.732108
820 348.75801
819 348.788007
818 348.822684
817 348.859518
816 348.898056
815 348.937446
814 348.976195
813 349.01337
812 349.047102
811 349.077334
810 349.102172
809 349.121072
808 349.133643
807 349.139063
806 349.13719
805 349.128426
804 349.112167
803 349.090378
802 349.062123
801 349.029183
800 348.992674
799 348.952752
798 348.910891
797 348.868767
796 348.826595
795 348.786091
794 348.748156
793 348.714205
792 348.684333
791 348.659795
790 348.64164
789 348.629232
788 348.623685
787 348.624755
786 348.632959
785 348.646734
784 348.666764
783 348.692138
782 348.722451
781 348.756496
780 348.793893
779 348.83391
778 348.874983
777 348.917332
776 348.959605
775 349.000836
774 349.040521
773 349.077222
772 349.111019
771 349.140389
770 349.165651
769 349.186081
768 349.20006
767 349.209374
766 349.212888
765 349.210262
764 349.202604
763 349.188866
762 349.169679
761 349.14485
760 349.114871
759 349.080628
758 349.041399
757 348.998734
756 348.953012
755 348.904672
754 348.855198
753 348.804819
752 348.755607
751 348.707357
750 348.661362
749 348.619434
748 348.580879
747 348.548042
746 348.5205
745 348.499831
744 348.48637
743 348.480462
742 348.482676
741 348.49328
740 348.512066
739 348.539807
738 348.574688
737 348.617767
736 348.667008
735 348.72207
734 348.781608
733 348.844847
732 348.909775
731 348.97585
730 349.041699
729 349.105328
728 349.165561
727 349.221212
726 349.271252
725 349.313499
724 349.348629
723 349.374498
722 349.390618
721 349.397568
720 349.394618
719 349.382465
718 349.361912
717 349.333095
716 349.298276
715 349.256366
714 349.21072
713 349.162569
712 349.110834
711 349.060135
710 349.009045
709 348.960381
708 348.914795
707 348.873198
706 348.837221
705 348.806505
704 348.782301
703 348.766709
702 348.756129
701 348.754534
700 348.759923
699 348.771443
698 348.789697
697 348.813553
696 348.843291
695 348.876592
694 348.913993
693 348.954841
692 348.997146
691 349.04028
690 349.085143
689 349.128379
688 349.169717
687 349.209997
686 349.24564
685 349.27811
684 349.305453
683 349.327837
682 349.345303
681 349.355366
680 349.360756
679 349.360679
678 349.352555
677 349.340092
676 349.32169
675 349.297082
674 349.268087
673 349.233925
672 349.196437
671 349.154358
670 349.110879
669 349.065302
668 349.018561
667 348.972107
666 348.927232
665 348.883345
664 348.842776
663 348.805327
662 348.772583
661 348.743904
660 348.721339
659 348.704901
658 348.694457
657 348.690964
656 348.694713
655 348.704907
654 348.721329
653 348.74453
652 348.772741
651 348.805653
650 348.842148
649 348.881335
648 348.921574
647 348.962132
646 349.001417
645 349.038589
644 349.072032
643 349.101817
642 349.126247
641 349.144681
640 349.157423
639 349.162644
638 349.160792
637 349.152289
636 349.136727
635 349.114881
634 349.087456
633 349.055107
632 349.019657
631 348.981268
630 348.942537
629 348.904398
628 348.867432
627 348.833849
626 348.804905
625 348.779966
624 348.76246
623 348.750598
622 348.746452
621 348.749991
620 348.760895
619 348.781454
618 348.807378
617 348.842089
616 348.884103
615 348.930015
614 348.982694
613 349.038785
612 349.096794
611 349.156923
610 349.216055
609 349.275269
608 349.331405
607 349.383669
606 349.432944
605 349.475526
604 349.512018
603 349.542367
602 349.564733
601 349.579716
600 349.586074
599 349.584987
598 349.574661
597 349.55717
596 349.532159
595 349.49991
594 349.460678
593 349.417759
592 349.369212
591 349.316851
590 349.262347
589 349.2058
588 349.148102
587 349.09106
586 349.034603
585 348.981609
584 348.929949
583 348.883482
582 348.842869
581 348.805699
580 348.777765
579 348.755977
578 348.742089
577 348.736337
576 348.737927
575 348.749071
574 348.767755
573 348.793811
572 348.829088
571 348.868989
570 348.916225
569 348.968959
568 349.024301
567 349.083514
566 349.143491
565 349.203439
564 349.260723
563 349.314902
562 349.364166
561 349.406014
560 349.440384
559 349.465051
558 349.479882
557 349.483029
556 349.475519
555 349.455984
554 349.424905
553 349.38243
552 349.329902
551 349.267963
550 349.197559
549 349.120959
548 349.039418
547 348.954416
546 348.869887
545 348.78563
544 348.704686
543 348.629816
542 348.561178
541 348.501199
540 348.451167
539 348.411535
538 348.384056
537 348.368103
536 348.364584
535 348.37337
534 348.39403
533 348.426132
532 348.468915
531 348.521039
530 348.581421
529 348.648233
528 348.720177
527 348.794698
526 348.870726
525 348.946023
524 349.018875
523 349.087241
522 349.151346
521 349.207392
520 349.256557
519 349.297626
518 349.329094
517 349.351223
516 349.364624
515 349.367496
514 349.362418
513 349.348043
512 349.326078
511 349.29677
510 349.261372
509 349.222363
508 349.178228
507 349.132355
506 349.085533
505 349.038218
504 348.991586
503 348.948094
502 348.906383
501 348.869023
500 348.835228
499 348.807124
498 348.783435
497 348.765781
496 348.753906
495 348.749019
494 348.74895
493 348.756568
492 348.770084
491 348.788529
490 348.81371
489 348.842566
488 348.876967
487 348.913706
486 348.954371
485 348.997302
484 349.039862
483 349.083884
482 349.126758
481 349.16791
480 349.206009
479 349.239773
478 349.268892
477 349.29161
476 349.306834
475 349.315299
474 349.314387
473 349.304983
472 349.287179
471 349.260065
470 349.225467
469 349.182407
468 349.132589
467 349.076821
466 349.015793
465 348.952161
464 348.886882
463 348.820342
462 348.756526
461 348.694998
460 348.638435
459 348.588377
458 348.546478
457 348.513491
456 348.490677
455 348.478881
454 348.478926
453 348.490001
452 348.51275
451 348.546365
450 348.590106
449 348.643073
448 348.703541
447 348.770499
446 348.841608
445 348.915381
444 348.989704
443 349.062018
442 349.130463
441 349.193499
440 349.248126
439 349.293226
438 349.327143
437 349.348955
436 349.357647
435 349.353279
434 349.335405
433 349.305384
432 349.263017
431 349.210117
430 349.147893
429 349.078217
428 349.002307
427 348.92338
426 348.842702
425 348.762136
424 348.684751
423 348.611587
422 348.544663
421 348.48594
420 348.436676
419 348.397601
418 348.37001
417 348.35407
416 348.350609
415 348.358419
414 348.378261
413 348.409015
412 348.449315
411 348.499206
410 348.556753
409 348.621169
408 348.690622
407 348.763504
406 348.839068
405 348.914631
404 348.989041
403 349.061136
402 349.128668
401 349.190186
400 349.245288
399 349.292455
398 349.330982
397 349.359772
396 349.379615
395 349.389199
394 349.388406
393 349.378142
392 349.358045
391 349.328256
390 349.289284
389 349.24232
388 349.187697
387 349.126514
386 349.059965
385 348.989506
384 348.915807
383 348.84094
382 348.766466
381 348.693079
380 348.622226
379 348.555881
378 348.495006
377 348.440857
376 348.394284
375 348.356906
374 348.328969
373 348.311838
372 348.306014
371 348.31207
370 348.330342
369 348.360384
368 348.402103
367 348.455087
366 348.517891
365 348.589844
364 348.669047
363 348.754224
362 348.842781
361 348.933293
360 349.023806
359 349.111222
358 349.194851
357 349.271301
356 349.339495
355 349.396584
354 349.44196
353 349.473819
352 349.491189
351 349.493122
350 349.481323
349 349.454234
348 349.413385
347 349.360725
346 349.296703
345 349.224313
344 349.145105
343 349.061828
342 348.976884
341 348.892003
340 348.810875
339 348.735469
338 348.666622
337 348.608529
336 348.560861
335 348.525839
334 348.504533
333 348.49729
332 348.504681
331 348.525459
330 348.560121
329 348.607164
328 348.664889
327 348.73187
326 348.80693
325 348.886332
324 348.969347
323 349.05319
322 349.135048
321 349.213579
320 349.285911
319 349.351853
318 349.407117
317 349.452466
316 349.486709
315 349.50772
314 349.516098
313 349.512941
312 349.49684
311 349.470062
310 349.433135
309 349.387434
308 349.335064
307 349.275527
306 349.214065
305 349.14886
304 349.083049
303 349.018889
302 348.956494
301 348.897764
300 348.844803
299 348.796985
298 348.756713
297 348.723152
296 348.698353
295 348.681157
294 348.671672
293 348.67115
292 348.678142
291 348.69178
290 348.71313
289 348.740698
288 348.773809
287 348.811974
286 348.854954
285 348.901696
284 348.950357
283 349.001345
282 349.053557
281 349.104514
280 349.154597
279 349.202095
278 349.245494
277 349.284124
276 349.316885
275 349.342644
274 349.361316
273 349.370968
272 349.372857
271 349.364806
270 349.34746
269 349.320952
268 349.284671
267 349.239781
266 349.186228
265 349.124791
264 349.057213
263 348.984455
262 348.907904
261 348.830021
260 348.752171
259 348.677616
258 348.60706
257 348.54329
256 348.488528
255 348.444208
254 348.410976
253 348.392393
252 348.386909
251 348.396497
250 348.422025
249 348.462844
248 348.517743
247 348.58768
246 348.669897
245 348.764702
244 348.868147
243 348.979314
242 349.096154
241 349.213245
240 349.3314
239 349.445022
238 349.551627
237 349.649327
236 349.734345
235 349.805998
234 349.860468
233 349.897344
232 349.917109
231 349.916175
230 349.897112
229 349.861572
228 349.806723
227 349.738899
226 349.657559
225 349.566185
224 349.467261
223 349.363785
222 349.259037
221 349.155245
220 349.055141
219 348.962553
218 348.87765
217 348.80375
216 348.742352
215 348.69415
214 348.660169
213 348.640609
212 348.636698
211 348.646498
210 348.670318
209 348.707502
208 348.756532
207 348.81387
206 348.882165
205 348.955405
204 349.033349
203 349.114756
202 349.195589
201 349.276051
200 349.352057
199 349.424464
198 349.490294
197 349.54682
196 349.596077
195 349.635421
194 349.66338
193 349.682065
192 349.689309
191 349.685393
190 349.671974
189 349.64724
188 349.615054
187 349.5724
186 349.522654
185 349.467172
184 349.404793
183 349.338067
182 349.26918
181 349.196252
180 349.123006
179 349.050131
178 348.978332
177 348.908952
176 348.843618
175 348.783284
174 348.72954
173 348.682116
172 348.644237
171 348.614156
170 348.593879
169 348.584489
168 348.584469
167 348.595117
166 348.615965
165 348.646877
164 348.687458
163 348.736268
162 348.793119
161 348.856742
160 348.925127
159 348.997818
158 349.072116
157 349.145498
156 349.217426
155 349.284551
154 349.3451
153 349.397566
152 349.440112
151 349.470742
150 349.488832
149 349.493441
148 349.484762
147 349.462199
146 349.42702
145 349.380371
144 349.322304
143 349.25628
142 349.182927
141 349.104781
140 349.024518
139 348.943755
138 348.866126
137 348.792861
136 348.72689
135 348.671925
134 348.625652
133 348.594243
132 348.576817
131 348.572937
130 348.585555
129 348.612764
128 348.654021
127 348.709401
126 348.776524
125 348.854344
124 348.940708
123 349.031938
122 349.1289
121 349.225027
120 349.319915
119 349.410748
118 349.494531
117 349.568579
116 349.631791
115 349.682243
114 349.717741
113 349.738471
112 349.743209
111 349.733106
110 349.706295
109 349.666516
108 349.613593
107 349.548166
106 349.473823
105 349.39155
104 349.303846
103 349.212726
102 349.120593
101 349.029991
100 348.941429
99 348.858673
98 348.783929
97 348.715171
96 348.657989
95 348.610366
94 348.574058
93 348.549376
92 348.536163
91 348.534768
90 348.544604
89 348.564509
88 348.596032
87 348.634782
86 348.682571
85 348.737984
84 348.798079
83 348.863382
82 348.931229
81 349.001222
80 349.071102
79 349.139617
78 349.205819
77 349.268007
76 349.324815
75 349.376138
74 349.419256
73 349.453049
72 349.478649
71 349.492915
70 349.496756
69 349.489016
68 349.470199
67 349.439675
66 349.398139
65 349.34625
64 349.284926
63 349.214231
62 349.13694
61 349.053909
60 348.965943
59 348.876144
58 348.785732
57 348.696552
56 348.610726
55 348.530264
54 348.457109
53 348.392421
52 348.338369
51 348.296718
50 348.267372
49 348.252765
48 348.252551
47 348.267397
46 348.296544
45 348.340541
44 348.397137
43 348.466754
42 348.546316
41 348.634767
40 348.729896
39 348.828955
38 348.930155
37 349.030428
36 349.127557
35 349.219252
34 349.301334
33 349.37419
32 349.434022
31 349.479474
30 349.509756
29 349.524018
28 349.521596
27 349.503369
26 349.468813
25 349.420924
24 349.359425
23 349.287187
22 349.206296
21 349.119398
20 349.027769
19 348.935688
18 348.844727
17 348.757005
16 348.675259
15 348.601921
14 348.537881
13 348.48484
12 348.443891
11 348.416493
10 348.401126
9 348.399857
8 348.411655
7 348.435495
6 348.470829
5 348.516161
4 348.570408
3 348.63127
2 348.69748
1 348.767406
