1000 214.991215
999 215.255789
998 215.489604
997 215.682911
996 215.830977
995 215.929842
994 215.976374
993 215.970813
992 215.913562
991 215.807195
990 215.656244
989 215.46495
988 215.239682
987 214.987872
986 214.715629
985 214.431814
984 214.14329
983 213.859907
982 213.588289
981 213.334968
980 213.109414
979 212.914339
978 212.755692
977 212.637384
976 212.561022
975 212.527292
974 212.53672
973 212.587341
972 212.677258
971 212.803674
970 212.963167
969 213.152101
968 213.364068
967 213.596633
966 213.842425
965 214.096533
964 214.353272
963 214.606991
962 214.852267
961 215.083685
960 215.296497
959 215.489592
958 215.655817
957 215.795819
956 215.907201
955 215.986281
954 216.03384
953 216.048578
952 216.029615
951 215.977414
950 215.892202
949 215.775302
948 215.628659
947 215.45359
946 215.255523
945 215.035163
944 214.797058
943 214.545533
942 214.283699
941 214.016045
940 213.746484
939 213.47998
938 213.220452
937 212.972503
936 212.742013
935 212.533573
934 212.351375
933 212.201532
932 212.087309
931 212.011889
930 211.979054
929 211.990213
928 212.045826
927 212.145679
926 212.288647
925 212.471825
924 212.692415
923 212.946288
922 213.228732
921 213.53474
920 213.857821
919 214.191357
918 214.528383
917 214.860895
916 215.180035
915 215.478022
914 215.745862
913 215.975823
912 216.162034
911 216.297906
910 216.380101
909 216.407303
908 216.377851
907 216.293939
906 216.158505
905 215.974678
904 215.748169
903 215.485206
902 215.191066
901 214.874244
900 214.542521
899 214.20351
898 213.866607
897 213.539488
896 213.230535
895 212.947577
894 212.696882
893 212.484218
892 212.313986
891 212.188604
890 212.11002
889 212.077622
888 212.091668
887 212.148544
886 212.246833
885 212.381652
884 212.548483
883 212.74404
882 212.961977
881 213.196144
880 213.442552
879 213.69378
878 213.944047
877 214.187847
876 214.419881
875 214.635624
874 214.830437
873 215.001726
872 215.146707
871 215.264127
870 215.353091
869 215.414538
868 215.446594
867 215.451829
866 215.430268
865 215.384145
864 215.314326
863 215.223601
862 215.114529
861 214.989173
860 214.850767
859 214.702737
858 214.547581
857 214.387945
856 214.227024
855 214.066508
854 213.909466
853 213.7578
852 213.614282
851 213.481394
850 213.360004
849 213.255048
848 213.166422
847 213.097431
846 213.04999
845 213.024734
844 213.022986
843 213.045034
842 213.090428
841 213.159258
840 213.249352
839 213.359815
838 213.488275
837 213.631426
836 213.786868
835 213.950591
834 214.118755
833 214.286642
832 214.450087
831 214.603637
830 214.742396
829 214.861959
828 214.957934
827 215.026075
826 215.064153
825 215.069167
824 215.041177
823 214.980067
822 214.887164
821 214.765328
820 214.616904
819 214.446417
818 214.25897
817 214.058768
816 213.851859
815 213.644229
814 213.441533
813 213.249962
812 213.075993
811 212.924371
810 212.800675
809 212.708875
808 212.651888
807 212.632151
806 212.650373
805 212.70607
804 212.798239
803 212.92479
802 213.081213
801 213.264832
800 213.470627
799 213.692249
798 213.925291
797 214.163514
796 214.400069
795 214.629488
794 214.845486
793 215.042664
792 215.215335
791 215.35883
790 215.469773
789 215.545396
788 215.583603
787 215.584172
786 215.548093
785 215.475951
784 215.371015
783 215.23638
782 215.075689
781 214.892648
780 214.692008
779 214.4777
778 214.253695
777 214.025222
776 213.795878
775 213.570931
774 213.354343
773 213.15037
772 212.963284
771 212.795787
770 212.651585
769 212.532606
768 212.440488
767 212.376231
766 212.340914
765 212.33441
764 212.357527
763 212.409668
762 212.491314
761 212.600853
760 212.737807
759 212.900961
758 213.087629
757 213.295841
756 213.521923
755 213.761774
754 214.011766
753 214.266861
752 214.522112
751 214.773122
750 215.013921
749 215.240148
748 215.446707
747 215.629514
746 215.783066
745 215.903852
744 215.988572
743 216.033015
742 216.035866
741 215.995266
740 215.910387
739 215.783192
738 215.615013
737 215.409208
736 215.170888
735 214.904697
734 214.617024
733 214.314728
732 214.00421
731 213.692584
730 213.387245
729 213.094883
728 212.821998
727 212.575495
726 212.361279
725 212.183631
724 212.04913
723 211.959229
722 211.916843
721 211.924211
720 211.97904
719 212.080486
718 212.226438
717 212.411526
716 212.632214
715 212.882365
714 213.156305
713 213.448192
712 213.750243
711 214.056547
710 214.359458
709 214.652987
708 214.929149
707 215.182865
706 215.40847
705 215.600205
704 215.755062
703 215.870822
702 215.94369
701 215.975389
700 215.966209
699 215.91678
698 215.830893
697 215.710937
696 215.561571
695 215.385836
694 215.189106
693 214.975734
692 214.750218
691 214.517188
690 214.282131
689 214.04888
688 213.822514
687 213.608099
686 213.408416
685 213.228583
684 213.070367
683 212.937168
682 212.830911
681 212.751877
680 212.701845
679 212.680991
678 212.688244
677 212.724901
676 212.789327
675 212.880003
674 212.996401
673 213.135494
672 213.295079
671 213.471121
670 213.660471
669 213.858379
668 214.059829
667 214.261039
666 214.456716
665 214.64204
664 214.813351
663 214.965881
662 215.096556
661 215.200594
660 215.275766
659 215.31962
658 215.329355
657 215.304469
656 215.24464
655 215.149775
654 215.022175
653 214.865274
652 214.682178
651 214.47823
650 214.259092
649 214.03122
648 213.801058
647 213.574704
646 213.35918
645 213.160222
644 212.982986
643 212.832682
642 212.713372
641 212.628544
640 212.581352
639 212.573605
638 212.606706
637 212.679995
636 212.793345
635 212.943358
634 213.126869
633 213.339347
632 213.574093
631 213.824839
630 214.085127
629 214.346985
628 214.602829
627 214.847016
626 215.071787
625 215.27151
624 215.441792
623 215.576807
622 215.673409
621 215.729194
620 215.740875
619 215.710476
618 215.635545
617 215.52026
616 215.367738
615 215.180949
614 214.966832
613 214.730847
612 214.479079
611 214.21886
610 213.956012
609 213.69809
608 213.449739
607 213.216952
606 213.006388
605 212.819159
604 212.661666
603 212.536085
602 212.444824
601 212.390946
600 212.374109
599 212.396454
598 212.456171
597 212.553278
596 212.685154
595 212.849574
594 213.042249
593 213.260776
592 213.500094
591 213.755687
590 214.024158
589 214.30039
588 214.578761
587 214.855818
586 215.125205
585 215.38289
584 215.621698
583 215.837799
582 216.025766
581 216.178703
580 216.29589
579 216.370376
578 216.401471
577 216.386939
576 216.325118
575 216.217209
574 216.063746
573 215.866208
572 215.62919
571 215.354723
570 215.048965
569 214.717893
568 214.366726
567 214.004072
566 213.63687
565 213.274708
564 212.924205
563 212.594724
562 212.294426
561 212.029313
560 211.807083
559 211.633748
558 211.512772
557 211.448392
556 211.443692
555 211.497734
554 211.612056
553 211.784361
552 212.011299
551 212.289177
550 212.61175
549 212.971486
548 213.36105
547 213.769897
546 214.187957
545 214.604862
544 215.009424
543 215.390974
542 215.740055
541 216.047941
540 216.306264
539 216.509471
538 216.652585
537 216.731441
536 216.746323
535 216.695735
534 216.581662
533 216.408611
532 216.18058
531 215.904743
530 215.589732
529 215.243725
528 214.876729
527 214.499203
526 214.120446
525 213.750119
524 213.397515
523 213.069188
522 212.77353
521 212.514987
520 212.298292
519 212.127254
518 212.003489
517 211.928686
516 211.903131
515 211.925558
514 211.994831
513 212.107947
512 212.261639
511 212.450984
510 212.670691
509 212.916052
508 213.179189
507 213.454663
506 213.73621
505 214.016371
504 214.290378
503 214.553099
502 214.798661
501 215.024216
500 215.224568
499 215.397683
498 215.539522
497 215.647742
496 215.720717
495 215.757164
494 215.755172
493 215.716637
492 215.641645
491 215.531535
490 215.390022
489 215.219138
488 215.02342
487 214.805355
486 214.570844
485 214.324397
484 214.070112
483 213.814534
482 213.562533
481 213.319115
480 213.091453
479 212.883996
478 212.703086
477 212.553287
476 212.439076
475 212.365098
474 212.332985
473 212.345469
472 212.403909
471 212.506705
470 212.653667
469 212.840994
468 213.066001
467 213.32288
466 213.605984
465 213.9094
464 214.224464
463 214.543294
462 214.857476
461 215.157021
460 215.433721
459 215.67811
458 215.881501
457 216.036987
456 216.138193
455 216.180153
454 216.161208
453 216.079554
452 215.936643
451 215.736564
450 215.48291
449 215.18301
448 214.844714
447 214.476493
446 214.087897
445 213.690799
444 213.294733
443 212.911034
442 212.55162
441 212.225357
440 211.942334
439 211.711289
438 211.537776
437 211.427797
436 211.384479
435 211.408936
434 211.501368
433 211.659565
432 211.879067
431 212.15522
430 212.481452
429 212.848356
428 213.248276
427 213.670901
426 214.105006
425 214.540422
424 214.966207
423 215.37014
422 215.743443
421 216.075191
420 216.357031
419 216.582761
418 216.746262
417 216.843511
416 216.874542
415 216.83815
414 216.737776
413 216.576692
412 216.359563
411 216.092957
410 215.784016
409 215.440137
408 215.06957
407 214.68107
406 214.282584
405 213.883631
404 213.4926
403 213.117234
402 212.765385
401 212.443823
400 212.157749
399 211.912105
398 211.710972
397 211.555796
396 211.4494
395 211.393161
394 211.386147
393 211.42963
392 211.52221
391 211.662464
390 211.84869
389 212.077945
388 212.346044
387 212.648824
386 212.981254
385 213.336974
384 213.709468
383 214.092637
382 214.47817
381 214.85947
380 215.229203
379 215.579682
378 215.903811
377 216.195372
376 216.446377
375 216.650895
374 216.803673
373 216.898519
372 216.932147
371 216.901527
370 216.805288
369 216.644009
368 216.420816
367 216.139224
366 215.806268
365 215.429527
364 215.017014
363 214.579652
362 214.127611
361 213.670703
360 213.221189
359 212.788558
358 212.384209
357 212.018103
356 211.699452
355 211.436683
354 211.237777
353 211.108164
352 211.051434
351 211.071164
350 211.166671
349 211.335535
348 211.575126
347 211.878924
346 212.238495
345 212.646688
344 213.090634
343 213.560162
342 214.042839
341 214.524721
340 214.993693
339 215.436909
338 215.840016
337 216.194052
336 216.48722
335 216.711097
334 216.859822
333 216.929768
332 216.918419
331 216.828097
330 216.663068
329 216.428833
328 216.134674
327 215.790519
326 215.407371
325 214.997647
324 214.573997
323 214.147684
322 213.731566
321 213.336015
320 212.9711
319 212.647099
318 212.370253
317 212.147685
316 211.984511
315 211.882037
314 211.842664
313 211.865929
312 211.948071
311 212.086148
310 212.27466
309 212.507093
308 212.776652
307 213.074279
306 213.393637
305 213.724424
304 214.059344
303 214.389872
302 214.707391
301 215.004476
300 215.274944
299 215.511943
298 215.711201
297 215.867862
296 215.980661
295 216.047372
294 216.067436
293 216.042513
292 215.973883
291 215.863319
290 215.71461
289 215.530657
288 215.314936
287 215.072879
286 214.807401
285 214.524411
284 214.227707
283 213.923944
282 213.61811
281 213.316264
280 213.02456
279 212.749065
278 212.495443
277 212.269745
276 212.076941
275 211.921316
274 211.807216
273 211.737237
272 211.715052
271 211.741766
270 211.819125
269 211.948714
268 212.129553
267 212.360757
266 212.641001
265 212.965481
264 213.329885
263 213.727742
262 214.150566
261 214.588472
260 215.032358
259 215.469771
258 215.888714
257 216.27861
256 216.62744
255 216.923357
254 217.158503
253 217.323216
252 217.410976
251 217.41782
250 217.340143
249 217.179021
248 216.937294
247 216.61903
246 216.232307
245 215.787362
244 215.293588
243 214.76587
242 214.218186
241 213.662603
240 213.11744
239 212.595309
238 212.110033
237 211.676504
236 211.304676
235 211.004963
234 210.785839
233 210.653017
232 210.609918
231 210.658357
230 210.796969
229 211.023358
228 211.330323
227 211.711878
226 212.156179
225 212.653609
224 213.189415
223 213.750182
222 214.322457
221 214.889126
220 215.436771
219 215.953223
218 216.421658
217 216.833545
216 217.178264
215 217.446158
214 217.632592
213 217.734167
212 217.749334
211 217.679632
210 217.529949
209 217.305941
208 217.016494
207 216.67
206 216.27911
205 215.853388
204 215.404944
203 214.945147
202 214.484687
201 214.034416
200 213.602782
199 213.199263
198 212.831491
197 212.503479
196 212.222708
195 211.991908
194 211.81231
193 211.687489
192 211.616644
191 211.598477
190 211.633189
189 211.716604
188 211.84762
187 212.020845
186 212.233651
185 212.481392
184 212.758387
183 213.060212
182 213.382137
181 213.71694
180 214.059954
179 214.404523
178 214.744267
177 215.072391
176 215.381909
175 215.666528
174 215.918927
173 216.132978
172 216.304235
171 216.427102
170 216.497542
169 216.515007
168 216.476039
167 216.381734
166 216.232509
165 216.031259
164 215.780749
163 215.486508
162 215.154312
161 214.791006
160 214.404988
159 214.00596
158 213.603117
157 213.207097
156 212.829348
155 212.479167
154 212.168228
153 211.904218
152 211.696896
151 211.552186
150 211.474837
149 211.468618
148 211.535054
147 211.671765
146 211.877901
145 212.148449
144 212.475461
143 212.853569
142 213.271984
141 213.719222
140 214.185449
139 214.656268
138 215.118478
137 215.559199
136 215.963618
135 216.320728
134 216.616509
133 216.842657
132 216.991172
131 217.056501
130 217.036198
129 216.930991
128 216.744224
127 216.481452
126 216.15101
125 215.764748
124 215.332023
123 214.867268
122 214.385421
121 213.897909
120 213.420643
119 212.966938
118 212.547574
117 212.175445
116 211.859168
115 211.606619
114 211.424098
113 211.31557
112 211.282068
111 211.32551
110 211.441406
109 211.627705
108 211.878762
107 212.186318
106 212.543131
105 212.939561
104 213.365092
103 213.80866
102 214.259819
101 214.706795
100 215.138483
99 215.544968
98 215.916686
97 216.243215
96 216.52008
95 216.738947
94 216.89683
93 216.9908
92 217.01957
91 216.983957
90 216.886186
89 216.72839
88 216.517385
87 216.256272
86 215.952784
85 215.613924
84 215.246506
83 214.858522
82 214.457818
81 214.052332
80 213.648972
79 213.255576
78 212.879313
77 212.526036
76 212.202012
75 211.914103
74 211.666296
73 211.463982
72 211.312108
71 211.21307
70 211.17026
69 211.185882
68 211.259751
67 211.392321
66 211.582052
65 211.826042
64 212.121326
63 212.462657
62 212.844194
61 213.259428
60 213.699981
59 214.157396
58 214.622015
57 215.084256
56 215.532914
55 215.957565
54 216.347781
53 216.692146
52 216.981684
51 217.20714
50 217.360211
49 217.436352
48 217.430946
47 217.342082
46 217.17263
45 216.92531
44 216.605827
43 216.223747
42 215.787693
41 215.309077
40 214.801087
39 214.275378
38 213.746136
37 213.226383
36 212.728867
35 212.266142
34 211.850476
33 211.490904
32 211.197186
31 210.976814
30 210.834184
29 210.77308
28 210.79488
27 210.897651
26 211.07863
25 211.333479
24 211.653008
23 212.030378
22 212.454763
21 212.913562
20 213.395453
19 213.887883
18 214.375547
17 214.84789
16 215.290817
15 215.693041
14 216.044437
13 216.335702
12 216.559518
11 216.71208
10 216.78907
9 216.790951
8 216.719661
7 216.578644
6 216.374143
5 216.114146
4 215.807264
3 215.46263
2 215.091712
1 214.704048
