1500 477.891335
1490 514.152327
1480 481.607463
1470 511.093157
1460 454.626806
1450 538.585423
1440 474.440708
1430 519.362056
1420 460.196644
1410 498.766717
1400 524.026785
1390 462.141562
1380 521.900388
1370 446.762324
1360 547.759079
1350 445.750803
1340 513.148092
1330 467.517108
1320 519.547016
1310 486.35951
1300 478.406803
1290 493.234706
1280 517.882314
1270 480.827968
1260 493.29227
1250 474.899273
1240 518.446921
1230 492.873582
1220 481.434343
1210 493.48942
1200 487.174614
1190 515.645325
1180 456.551572
1170 510.7137
1160 481.960445
1150 503.872251
1140 476.868049
1130 487.733688
1120 506.310538
1110 506.775506
1100 469.677881
1090 498.524809
1080 476.651758
1070 548.362299
1060 447.224609
1050 531.223132
1040 459.656681
1030 524.842835
1020 485.391223
1010 470.683925
1000 533.995317
990 455.969804
980 535.039307
970 432.362568
960 534.960243
950 464.007923
940 501.665745
930 473.17291
920 489.205914
910 515.4892
900 487.695299
890 485.821848
880 485.270427
870 493.355071
860 504.84278
850 478.202538
840 497.233114
830 491.803093
820 497.155372
810 491.336607
800 478.945705
790 514.941297
780 481.547693
770 497.900858
760 475.639469
750 505.808697
740 499.647941
730 493.862042
720 474.456862
710 505.400871
700 484.410434
690 523.541411
680 457.228502
670 522.182634
660 476.435222
650 506.433943
640 487.058304
630 476.648982
620 537.003478
610 452.035414
600 527.702196
590 448.329897
580 537.309373
570 471.767824
560 488.780664
550 482.932475
540 498.157271
530 515.441498
520 469.404764
510 495.024924
500 488.704755
490 499.665644
480 488.576726
470 480.537668
460 505.076921
450 498.767826
440 480.045295
430 491.342245
420 494.909805
410 516.513303
400 469.382153
390 491.935634
380 493.444682
370 511.127219
360 489.376793
350 473.497645
340 497.755488
330 514.468329
320 470.997166
310 506.262419
300 473.176876
290 533.91759
280 463.494443
270 493.236804
260 498.284859
250 493.303655
240 523.648654
230 434.950476
220 550.744519
210 463.009834
200 520.904841
190 449.858434
180 499.560805
170 511.162416
160 476.03651
150 505.874255
140 462.56496
130 532.243693
120 466.798518
110 481.862792
100 497.938163
90 494.037338
80 512.808798
70 456.968291
60 509.526906
50 500.749865
40 497.600439
30 483.141859
20 476.102239
10 527.041974
