1000 381.381318
999 381.314044
998 381.259917
997 381.218157
996 381.192358
995 381.183475
994 381.190653
993 381.217454
992 381.259059
991 381.316845
990 381.390628
989 381.475822
988 381.57204
987 381.678287
986 381.788711
985 381.904953
984 382.020214
983 382.134375
982 382.243669
981 382.344319
980 382.437619
979 382.517167
978 382.582771
977 382.633282
976 382.668415
975 382.686979
974 382.689036
973 382.675269
972 382.646323
971 382.602778
970 382.547908
969 382.481968
968 382.403965
967 382.3214
966 382.231454
965 382.138462
964 382.043696
963 381.949665
962 381.858081
961 381.770882
960 381.687036
959 381.612828
958 381.543991
957 381.484147
956 381.434895
955 381.393163
954 381.363327
953 381.343798
952 381.334176
951 381.335138
950 381.346783
949 381.369151
948 381.401131
947 381.440212
946 381.490405
945 381.545818
944 381.607308
943 381.675121
942 381.745547
941 381.818884
940 381.892574
939 381.966114
938 382.037908
937 382.105535
936 382.168224
935 382.223689
934 382.269097
933 382.304972
932 382.32833
931 382.338281
930 382.333534
929 382.313601
928 382.279173
927 382.228268
926 382.164
925 382.086373
924 381.995489
923 381.894314
922 381.78524
921 381.668009
920 381.547048
919 381.42374
918 381.300394
917 381.180614
916 381.066242
915 380.960883
914 380.866857
913 380.786384
912 380.722229
911 380.675363
910 380.64743
909 380.638657
908 380.649146
907 380.678707
906 380.726498
905 380.790898
904 380.870875
903 380.963945
902 381.06876
901 381.182651
900 381.302751
899 381.426761
898 381.550997
897 381.673294
896 381.790497
895 381.899891
894 381.997824
893 382.084581
892 382.156164
891 382.212004
890 382.253619
889 382.276684
888 382.285403
887 382.277451
886 382.256171
885 382.221407
884 382.174511
883 382.118311
882 382.053769
881 381.982237
880 381.90759
879 381.830044
878 381.752661
877 381.67692
876 381.605087
875 381.538543
874 381.477503
873 381.424324
872 381.380177
871 381.343675
870 381.315634
869 381.297865
868 381.286924
867 381.285314
866 381.291453
865 381.305303
864 381.325832
863 381.352502
862 381.385534
861 381.422478
860 381.462976
859 381.507192
858 381.552587
857 381.599335
856 381.646747
855 381.692842
854 381.738688
853 381.78145
852 381.821972
851 381.859346
850 381.890501
849 381.918831
848 381.939429
847 381.952779
846 381.960567
845 381.959049
844 381.949947
843 381.932746
842 381.907322
841 381.874371
840 381.833751
839 381.78621
838 381.733928
837 381.675821
836 381.614673
835 381.550549
834 381.486062
833 381.421928
832 381.359908
831 381.301986
830 381.249032
829 381.203357
828 381.166456
827 381.138195
826 381.121413
825 381.116067
824 381.121691
823 381.139388
822 381.167412
821 381.206412
820 381.25419
819 381.309924
818 381.372603
817 381.439674
816 381.510009
815 381.580688
814 381.650656
813 381.7174
812 381.778145
811 381.831664
810 381.876035
809 381.908963
808 381.930994
807 381.939648
806 381.935133
805 381.917679
804 381.887892
803 381.847178
802 381.794885
801 381.734068
800 381.666526
799 381.592762
798 381.51588
797 381.438009
796 381.360391
795 381.285488
794 381.215228
793 381.152303
792 381.096777
791 381.051131
790 381.016789
789 380.993482
788 380.982327
787 380.983542
786 380.997495
785 381.022161
784 381.057916
783 381.103492
782 381.158144
781 381.219623
780 381.28705
779 381.359343
778 381.434211
777 381.511624
776 381.58851
775 381.664055
774 381.736322
773 381.803926
772 381.866687
771 381.921131
770 381.96786
769 382.006246
768 382.034524
767 382.052932
766 382.061756
765 382.059636
764 382.047399
763 382.024797
762 381.992313
761 381.950214
760 381.898452
759 381.838581
758 381.769809
757 381.69466
756 381.613692
755 381.528555
754 381.440556
753 381.351101
752 381.263049
751 381.176491
750 381.093973
749 381.018203
748 380.948645
747 380.888816
746 380.838407
745 380.800026
744 380.774478
743 380.762064
742 380.764503
741 380.781722
740 380.813548
739 380.861014
738 380.921458
737 380.996122
736 381.081832
735 381.177729
734 381.282103
733 381.39184
732 381.505388
731 381.620325
730 381.733448
729 381.843667
728 381.947317
727 382.042645
726 382.127634
725 382.198493
724 382.25616
723 382.297227
722 382.321373
721 382.328434
720 382.318336
719 382.291716
718 382.24924
717 382.192998
716 382.125439
715 382.04601
714 381.959467
713 381.867439
712 381.77062
711 381.674137
710 381.578093
709 381.486012
708 381.399672
707 381.320871
706 381.251942
705 381.193682
704 381.147377
703 381.115076
702 381.094454
701 381.088396
700 381.095861
699 381.115075
698 381.146584
697 381.188701
696 381.241056
695 381.3009
694 381.367825
693 381.441087
692 381.51738
691 381.595832
690 381.676212
689 381.754843
688 381.830454
687 381.903148
686 381.969368
685 382.029306
684 382.080413
683 382.122777
682 382.156038
681 382.177605
680 382.190213
679 382.192094
678 382.1824
677 382.163099
676 382.133913
675 382.093934
674 382.046004
673 381.98862
672 381.925956
671 381.855349
670 381.781362
669 381.70428
668 381.625393
667 381.547129
666 381.470971
665 381.397289
664 381.329794
663 381.267419
662 381.213879
661 381.168253
660 381.13283
659 381.108507
658 381.095119
657 381.09389
656 381.105384
655 381.12846
654 381.163205
653 381.208803
652 381.263633
651 381.326277
650 381.395595
649 381.468759
648 381.543503
647 381.617909
646 381.690544
645 381.757541
644 381.818357
643 381.871455
642 381.91472
641 381.946452
640 381.967213
639 381.974027
638 381.968196
637 381.94927
636 381.917268
635 381.873098
634 381.81876
633 381.75545
632 381.685389
631 381.610195
630 381.533616
629 381.457453
628 381.383474
627 381.315565
626 381.254577
625 381.201901
624 381.160862
623 381.130977
622 381.114819
621 381.11239
620 381.123645
619 381.151227
618 381.190539
617 381.244511
616 381.311454
615 381.387524
614 381.474713
613 381.568312
612 381.666278
611 381.767708
610 381.868555
609 381.969017
608 382.064508
607 382.153636
606 382.237314
605 382.309489
604 382.371861
603 382.42249
602 382.459898
601 382.483923
600 382.493322
599 382.489849
598 382.470215
597 382.43744
596 382.391566
595 382.334354
594 382.265038
593 382.18762
592 382.102709
591 382.010664
590 381.914365
589 381.81499
588 381.714102
587 381.61428
586 381.516169
585 381.42379
584 381.335388
583 381.2556
582 381.185337
581 381.124331
580 381.07794
579 381.043658
578 381.023717
577 381.018723
576 381.028002
575 381.05335
574 381.09338
573 381.147006
572 381.216128
571 381.295242
570 381.387056
569 381.488344
568 381.594992
567 381.708009
566 381.822526
565 381.936027
564 382.046376
563 382.149301
562 382.243913
561 382.325602
560 382.392525
559 382.443151
558 382.475443
557 382.487129
556 382.479193
555 382.449153
554 382.398979
553 382.328031
552 382.239167
551 382.132297
550 382.01059
549 381.877148
548 381.734431
547 381.585844
546 381.436337
545 381.288086
544 381.145219
543 381.012125
542 380.890647
541 380.78454
540 380.695836
539 380.625862
538 380.577122
537 380.549433
536 380.543469
535 380.559557
534 380.597085
533 380.654796
532 380.731435
531 380.824708
530 380.932505
529 381.051369
528 381.178937
527 381.311322
526 381.44558
525 381.577961
524 381.705826
523 381.825819
522 381.936147
521 382.03346
520 382.117779
519 382.186657
518 382.238507
517 382.273462
516 382.292622
515 382.293148
514 382.278689
513 382.247868
512 382.203267
511 382.146307
510 382.077889
509 382.002049
508 381.918537
507 381.831296
506 381.742599
505 381.653512
504 381.566359
503 381.4835
502 381.405566
501 381.335289
500 381.271602
499 381.218298
498 381.173777
497 381.140545
496 381.117942
495 381.107952
494 381.108304
493 381.121668
492 381.146139
491 381.180967
490 381.226919
489 381.281025
488 381.344354
487 381.413651
486 381.488647
485 381.568429
484 381.64903
483 381.730867
482 381.8118
481 381.889601
480 381.961634
479 382.026589
478 382.082782
477 382.127498
476 382.158972
475 382.178238
474 382.180804
473 382.168774
472 382.141007
471 382.096666
470 382.037507
469 381.964302
468 381.87901
467 381.782343
466 381.67699
465 381.566122
464 381.451672
463 381.335633
462 381.223677
461 381.116136
460 381.017356
459 380.93005
458 380.857068
457 380.800306
456 380.761888
455 380.743087
454 380.745372
453 380.767878
452 380.811362
451 380.874142
450 380.95517
449 381.052738
448 381.163523
447 381.285763
446 381.415641
445 381.549445
444 381.684482
443 381.815321
442 381.939651
441 382.052984
440 382.151675
439 382.232492
438 382.29376
437 382.332892
436 382.348406
435 382.340172
434 382.30843
433 382.252868
432 382.176558
431 382.081002
430 381.967712
429 381.841932
428 381.704772
427 381.561229
426 381.41456
425 381.268364
424 381.126895
423 380.993675
422 380.871255
421 380.763469
420 380.673113
419 380.601027
418 380.549918
417 380.519886
416 380.512266
415 380.525478
414 380.560491
413 380.615151
412 380.687492
411 380.776981
410 380.880392
409 380.996447
408 381.121669
407 381.253146
406 381.389123
405 381.525624
404 381.659853
403 381.78941
402 381.91074
401 382.022562
400 382.122045
399 382.206906
398 382.276851
397 382.329455
396 382.365911
395 382.384137
394 382.384185
393 382.366893
392 382.331591
391 382.27941
390 382.211603
389 382.127998
388 382.031494
387 381.922997
386 381.804661
385 381.678763
384 381.547888
383 381.414271
382 381.28062
381 381.149634
380 381.022703
379 380.903817
378 380.794489
377 380.696979
376 380.613219
375 380.545691
374 380.495275
373 380.464177
372 380.453672
371 380.464298
370 380.496755
369 380.550618
368 380.625343
367 380.720124
366 380.832707
365 380.961148
364 381.102674
363 381.254252
362 381.41184
361 381.572945
360 381.733021
359 381.887872
358 382.034922
357 382.169377
356 382.287906
355 382.387995
354 382.4647
353 382.518382
352 382.545922
351 382.546145
350 382.520149
349 382.467397
348 382.389725
347 382.291072
346 382.172296
345 382.037602
344 381.890532
343 381.736324
342 381.578834
341 381.421361
340 381.271123
339 381.130026
338 381.001977
337 380.892247
336 380.80261
335 380.735847
334 380.693672
333 380.676955
332 380.686897
331 380.721358
330 380.780905
329 380.863417
328 380.965139
327 381.083974
326 381.217239
325 381.358164
324 381.505728
323 381.654856
322 381.800882
321 381.940983
320 382.069976
319 382.186598
318 382.284795
317 382.365251
316 382.425109
315 382.4625
314 382.476921
313 382.470522
312 382.441812
311 382.393338
310 382.326622
309 382.245093
308 382.150407
307 382.044946
306 381.934334
305 381.81776
304 381.700732
303 381.586371
302 381.475339
301 381.371076
300 381.277074
299 381.192929
298 381.12244
297 381.06481
296 381.022446
295 380.994714
294 380.981215
293 380.983406
292 380.99969
291 381.028684
290 381.070975
289 381.125238
288 381.189254
287 381.262929
286 381.344411
285 381.433044
284 381.525867
283 381.621861
282 381.719517
281 381.815809
280 381.909733
279 381.999135
278 382.080693
277 382.153295
276 382.215847
275 382.264745
274 382.300515
273 382.320604
272 382.325148
271 382.312117
270 382.282541
269 382.235987
268 382.171199
267 382.090291
266 381.993824
265 381.882171
264 381.758612
263 381.62528
262 381.485315
261 381.341883
260 381.197972
259 381.058827
258 380.926819
257 380.80657
256 380.702101
255 380.615491
254 380.54958
253 380.508702
252 380.492043
251 380.50279
250 380.541115
249 380.607467
248 380.699689
247 380.818259
246 380.959867
245 381.122474
244 381.301589
243 381.49493
242 381.69674
241 381.901116
240 382.105318
239 382.301533
238 382.485668
237 382.653166
236 382.798464
235 382.919341
234 383.010689
233 383.070327
232 383.098703
231 383.091879
230 383.052435
229 382.982261
228 382.879936
227 382.753735
226 382.603706
225 382.436076
224 382.254948
223 382.065808
222 381.874228
221 381.685285
220 381.503219
219 381.333685
218 381.179536
217 381.044412
216 380.93284
215 380.845408
214 380.784378
213 380.749706
212 380.744146
211 380.763606
210 380.80857
209 380.877763
208 380.96818
207 381.075976
206 381.201607
205 381.337715
204 381.481357
203 381.631166
202 381.781307
201 381.929214
200 382.070382
199 382.203337
198 382.325236
197 382.431991
196 382.52374
195 382.598138
194 382.652899
193 382.689231
192 382.706915
191 382.704583
190 382.685267
189 382.646288
188 382.592125
187 382.521084
186 382.436709
185 382.34134
184 382.234428
183 382.119542
182 382.000227
181 381.873982
180 381.747716
179 381.621029
178 381.495965
177 381.375954
176 381.26287
175 381.158934
174 381.066028
173 380.985569
172 380.92077
171 380.871812
170 380.839679
169 380.826893
168 380.831273
167 380.855111
166 380.896733
165 380.956224
164 381.033141
163 381.124908
162 381.231239
161 381.348591
160 381.47473
159 381.607821
158 381.742931
157 381.876501
156 382.007337
155 382.128295
154 382.237496
153 382.331187
152 382.406278
151 382.460053
150 382.490151
149 382.496609
148 382.478215
147 382.434896
146 382.368475
145 382.281105
144 382.172335
143 382.049589
142 381.91257
141 381.766821
140 381.617096
139 381.465927
138 381.320244
137 381.18285
136 381.057575
135 380.951361
134 380.862904
133 380.799951
132 380.762201
131 380.750094
130 380.766755
129 380.810826
128 380.881026
127 380.976324
126 381.093195
125 381.229981
124 381.381635
123 381.543991
122 381.714367
121 381.885408
120 382.054658
119 382.215994
118 382.365225
117 382.497523
116 382.610183
115 382.70052
114 382.764628
113 382.801751
112 382.811307
111 382.794323
110 382.748715
109 382.679754
108 382.586769
107 382.472232
106 382.341611
105 382.197207
104 382.042485
103 381.882502
102 381.720365
101 381.560694
100 381.405703
99 381.260843
98 381.129625
97 381.010988
96 380.911641
95 380.830807
94 380.769955
93 380.730152
92 380.711418
91 380.714383
90 380.736951
89 380.778569
88 380.839984
87 380.915963
86 381.007439
85 381.111939
84 381.225851
83 381.347868
82 381.475465
81 381.606201
80 381.73637
79 381.864162
78 381.987578
77 382.103327
76 382.209439
75 382.304163
74 382.385515
73 382.449943
72 382.499027
71 382.527858
70 382.53754
69 382.526743
68 382.495431
67 382.44331
66 382.371458
65 382.280385
64 382.172593
63 382.048247
62 381.91136
61 381.763252
60 381.607537
59 381.447425
58 381.286037
57 381.126559
56 380.973304
55 380.829211
54 380.697993
53 380.58233
52 380.485378
51 380.410798
50 380.358796
49 380.332902
48 380.333502
47 380.361021
46 380.414554
45 380.494618
44 380.597923
43 380.723644
42 380.867943
41 381.027846
40 381.19922
39 381.377989
38 381.560404
37 381.740197
36 381.914352
35 382.077628
34 382.225601
33 382.354295
32 382.461022
31 382.541143
30 382.594562
29 382.618369
28 382.613349
27 382.578716
26 382.516147
25 382.428246
24 382.317097
23 382.186381
22 382.040114
21 381.88163
20 381.716602
19 381.549518
18 381.384166
17 381.225697
16 381.077228
15 380.943966
14 380.827859
13 380.731749
12 380.657807
11 380.6076
10 380.581136
9 380.579544
8 380.601493
7 380.645783
6 380.710904
5 380.794306
4 380.89377
3 381.005341
2 381.126729
1 381.254966
