1500 5.07684525
1490 1.94533989
1480 2.29763908
1470 5.93696361
1460 6.26339908
1450 2.6788102
1440 1.54154403
1430 3.89086835
1420 6.85301183
1410 2.86990675
1400 0.990345668
1390 3.95390989
1380 5.61431286
1370 3.33508505
1360 1.84849057
1350 3.91551539
1340 4.84612777
1330 3.2913947
1320 1.1633604
1310 3.56735587
1300 6.84595901
1290 2.86323127
1280 0.902796158
1270 3.4615441
1260 6.49487589
1250 4.34779421
1240 1.68106377
1230 2.01730738
1220 5.62869496
1210 4.64151123
1200 1.48394694
1190 2.48421471
1180 5.78453025
1170 3.31828327
1160 1.80821371
1150 2.79277153
1140 5.43630708
1130 4.54399359
1120 1.36306939
1110 1.72207748
1100 6.09199768
1090 5.99541882
1080 2.23182564
1070 2.43152489
1060 5.46820665
1050 5.17824565
1040 3.30174378
1030 1.84176673
1020 3.80093164
1010 5.18303758
1000 2.62941123
990 2.45816382
980 4.38336468
970 5.46026651
960 2.21284312
950 1.95863314
940 3.56838932
930 5.84226057
920 3.4413037
910 1.2961346
900 2.83266862
890 5.35753073
880 4.24814024
870 2.30470944
860 2.94530988
850 4.23221293
840 4.28334162
830 2.61951689
820 2.74484556
810 4.4762249
800 3.90593004
790 1.92985133
780 2.72243626
770 4.6115613
760 4.69971017
750 2.3269752
740 1.62142227
730 4.05425811
720 5.73186024
710 3.34407263
700 1.95278478
690 3.49867452
680 5.38757832
670 3.82389539
660 2.28729286
650 2.96522827
640 4.87538969
630 3.41807496
620 2.05750679
610 4.0572595
600 5.204578
590 3.88697536
580 1.42193296
570 2.55618306
560 5.67551163
550 4.93170033
540 1.35900342
530 1.8628965
520 5.31470271
510 4.63485983
500 2.42955703
490 2.14543716
480 4.56167914
470 4.83224374
460 2.10218942
450 1.94443424
440 5.5829337
430 4.83652427
420 1.32496265
410 1.69871179
400 5.43871537
390 5.57242837
380 2.16558248
370 1.02133341
360 4.04889169
350 6.75459416
340 2.42477607
330 1.40222753
320 4.82273272
310 5.60199643
300 2.54399478
290 1.97291815
280 4.57323823
270 5.58550685
260 2.48796739
250 0.882109132
240 4.64064406
230 8.55697687
220 2.41157854
210 0.883724717
200 3.66596142
190 6.56631576
180 3.28883632
170 1.51077603
160 3.18323812
150 6.16899786
140 3.40772729
130 0.914980541
120 4.34251317
110 6.35682432
100 2.69197979
90 1.18349159
80 3.88386114
70 6.94876512
60 3.55287352
50 0.712631599
40 2.50950293
30 7.06444176
20 4.04680424
10 1.12276419
