1000 415.302707
999 415.200125
998 415.115983
997 415.050398
996 415.007673
995 414.988029
994 414.991956
993 415.022969
992 415.075966
991 415.151858
990 415.250486
989 415.365216
988 415.496703
987 415.64198
986 415.794571
985 415.953635
984 416.11325
983 416.270438
982 416.422581
981 416.560777
980 416.689112
979 416.799117
978 416.889477
977 416.958214
976 417.00692
975 417.030177
974 417.032018
973 417.011115
972 416.969909
971 416.90798
970 416.829425
969 416.736072
968 416.62616
967 416.508978
966 416.38361
965 416.251887
964 416.119615
963 415.98794
962 415.859822
961 415.738412
960 415.622438
959 415.519731
958 415.425158
957 415.344097
956 415.277231
955 415.222652
954 415.183472
953 415.159956
952 415.150616
951 415.157118
950 415.178768
949 415.214222
948 415.264948
947 415.32621
946 415.401227
945 415.486051
944 415.578507
943 415.679547
942 415.784961
941 415.894785
940 416.004574
939 416.114488
938 416.221859
937 416.322185
936 416.416828
935 416.500785
934 416.569805
933 416.625904
932 416.663769
931 416.681675
930 416.679609
929 416.655282
928 416.611207
927 416.544054
926 416.456108
925 416.349099
924 416.223919
923 416.083848
922 415.93221
921 415.768569
920 415.599094
919 415.426671
918 415.253972
917 415.085177
916 414.924598
915 414.776281
914 414.643558
913 414.530233
912 414.439663
911 414.373289
910 414.333985
909 414.321739
908 414.336247
907 414.377375
906 414.444188
905 414.535919
904 414.64793
903 414.779436
902 414.926188
901 415.085595
900 415.255056
899 415.428577
898 415.603028
897 415.77459
896 415.937374
895 416.09046
894 416.226594
893 416.346631
892 416.443608
891 416.519817
890 416.574595
889 416.604756
888 416.613655
887 416.599036
886 416.565981
885 416.513404
884 416.44331
883 416.359067
882 416.264724
881 416.160373
880 416.051736
879 415.939153
878 415.826585
877 415.716536
876 415.611356
875 415.514822
874 415.42733
873 415.350524
872 415.286097
871 415.232977
870 415.192805
869 415.166457
868 415.150658
867 415.148722
866 415.158297
865 415.178336
864 415.208148
863 415.247642
862 415.2954
861 415.348999
860 415.409171
859 415.473477
858 415.540231
857 415.608555
856 415.677598
855 415.746709
854 415.813183
853 415.876969
852 415.9361
851 415.991242
850 416.039096
849 416.081801
848 416.113597
847 416.135765
846 416.149019
845 416.15135
844 416.140945
843 416.11853
842 416.083948
841 416.040586
840 415.985793
839 415.921271
838 415.848274
837 415.767741
836 415.683256
835 415.594312
834 415.504525
833 415.415872
832 415.328448
831 415.248526
830 415.175013
829 415.111169
828 415.060011
827 415.021071
826 414.998838
825 414.991514
824 415.000783
823 415.02664
822 415.067689
821 415.123674
820 415.191966
819 415.272549
818 415.361376
817 415.457904
816 415.557475
815 415.658339
814 415.758375
813 415.851918
812 415.939034
811 416.015064
810 416.076993
809 416.124202
808 416.154205
807 416.165859
806 416.159081
805 416.134168
804 416.091537
803 416.032119
802 415.95739
801 415.870673
800 415.772506
799 415.668123
798 415.557237
797 415.445551
796 415.334612
795 415.227122
794 415.126587
793 415.035359
792 414.956178
791 414.89066
790 414.840267
789 414.806969
788 414.790148
787 414.792454
786 414.810516
785 414.846319
784 414.896883
783 414.961496
782 415.039273
781 415.126771
780 415.222517
779 415.325918
778 415.432459
777 415.543097
776 415.652809
775 415.76028
774 415.863916
773 415.960744
772 416.050756
771 416.129693
770 416.196533
769 416.251952
768 416.293191
767 416.320383
766 416.334202
765 416.331387
764 416.315754
763 416.28472
762 416.239842
761 416.181198
760 416.109116
759 416.024257
758 415.927838
757 415.822169
756 415.707363
755 415.587199
754 415.462095
753 415.336142
752 415.211275
751 415.089143
750 414.972417
749 414.863188
748 414.765023
747 414.67974
746 414.607547
745 414.551972
744 414.515915
743 414.496948
742 414.499474
741 414.522796
740 414.567301
739 414.633339
738 414.718274
737 414.822616
736 414.943359
735 415.077964
734 415.224121
733 415.378649
732 415.537228
731 415.698899
730 415.857887
729 416.011537
728 416.156733
727 416.290055
726 416.40744
725 416.505343
724 416.584203
723 416.640768
722 416.671673
721 416.679214
720 416.661788
719 416.621546
718 416.559301
717 416.477324
716 416.378581
715 416.262872
714 416.138036
713 416.004364
712 415.864876
711 415.724712
710 415.58645
709 415.454277
708 415.328705
707 415.215344
706 415.115207
705 415.030702
704 414.962613
703 414.915432
702 414.884649
701 414.875102
700 414.883662
699 414.910503
698 414.95496
697 415.013851
696 415.087348
695 415.172623
694 415.268301
693 415.37202
692 415.480517
691 415.592937
690 415.706494
689 415.818661
688 415.927043
687 416.030674
686 416.12484
685 416.210874
684 416.284619
683 416.345818
682 416.394181
681 416.42604
680 416.446217
679 416.449368
678 416.437882
677 416.413127
676 416.372652
675 416.317959
674 416.252075
673 416.173154
672 416.08601
671 415.988922
670 415.885028
669 415.779728
668 415.670017
667 415.560913
666 415.454281
665 415.353211
664 415.260659
663 415.174811
662 415.101088
661 415.038967
660 414.991781
659 414.960246
658 414.943552
657 414.944806
656 414.963447
655 414.998427
654 415.049995
653 415.11737
652 415.197102
651 415.287941
650 415.388233
649 415.493349
648 415.600571
647 415.706954
646 415.811068
645 415.90698
644 415.993968
643 416.068783
642 416.130349
641 416.174058
640 416.202598
639 416.211159
638 416.201266
637 416.171811
636 416.12454
635 416.059914
634 415.980669
633 415.887047
632 415.784683
631 415.674271
630 415.562011
629 415.450718
628 415.341131
627 415.240081
626 415.149035
625 415.070527
624 415.007873
623 414.961079
622 414.933837
621 414.925624
620 414.937933
619 414.971615
618 415.023987
617 415.096763
616 415.186906
615 415.291461
614 415.410984
613 415.540237
612 415.675451
611 415.81708
610 415.957929
609 416.096829
608 416.22953
607 416.35445
606 416.469992
605 416.570808
604 416.657751
603 416.727692
602 416.778585
601 416.811772
600 416.824278
599 416.817874
598 416.789152
597 416.742442
596 416.678121
595 416.596988
594 416.499062
593 416.389842
592 416.268445
591 416.137844
590 416.002901
589 415.863396
588 415.721406
587 415.581948
586 415.443299
585 415.313481
584 415.189586
583 415.078557
582 414.981091
581 414.896833
580 414.832537
579 414.787181
578 414.760977
577 414.75692
576 414.773801
575 414.813149
574 414.87204
573 414.952265
572 415.05376
571 415.170184
570 415.302703
569 415.450051
568 415.606112
567 415.769908
566 415.934795
565 416.099899
564 416.259737
563 416.409015
562 416.546393
561 416.665421
560 416.763841
559 416.839368
558 416.886987
557 416.908286
556 416.898862
555 416.858729
554 416.790999
553 416.693287
552 416.568302
551 416.419949
550 416.248906
549 416.061452
548 415.86192
547 415.651465
546 415.441472
545 415.232264
544 415.030629
543 414.843101
542 414.671561
541 414.521628
540 414.396137
539 414.297302
538 414.228406
537 414.189283
536 414.181159
535 414.204132
534 414.257784
533 414.339613
532 414.448111
531 414.579833
530 414.732409
529 414.901314
528 415.08215
527 415.269085
526 415.457862
525 415.6447
524 415.825031
523 415.993565
522 416.148363
521 416.284962
520 416.401576
519 416.497636
518 416.568502
517 416.616348
516 416.640236
515 416.638738
514 416.615572
513 416.568418
512 416.502698
511 416.419214
510 416.319706
509 416.209436
508 416.08948
507 415.962352
506 415.83446
505 415.705434
504 415.580466
503 415.460338
502 415.34824
501 415.246807
500 415.155022
499 415.078122
498 415.013935
497 414.9655
496 414.932503
495 414.918323
494 414.91839
493 414.936365
492 414.971605
491 415.022144
490 415.088226
489 415.166079
488 415.257039
487 415.356169
486 415.464186
485 415.57881
484 415.69463
483 415.813912
482 415.929334
481 416.042258
480 416.146336
479 416.240927
478 416.322167
477 416.388802
476 416.435609
475 416.463968
474 416.470497
473 416.45596
472 416.418085
471 416.356491
470 416.275493
469 416.173612
468 416.054393
467 415.920048
466 415.771798
465 415.616098
464 415.455496
463 415.292451
462 415.134468
461 414.983029
460 414.844278
459 414.722054
458 414.619726
457 414.540233
456 414.486661
455 414.462179
454 414.465455
453 414.498621
452 414.562368
451 414.652932
450 414.768856
449 414.908461
448 415.066797
447 415.241357
446 415.426597
445 415.618116
444 415.810768
443 415.997484
442 416.173548
441 416.334762
440 416.474736
439 416.590809
438 416.677746
437 416.732909
436 416.754942
435 416.743152
434 416.696921
433 416.619057
432 416.509626
431 416.373829
430 416.213074
429 416.032898
428 415.838212
427 415.633734
426 415.423687
425 415.216239
424 415.013935
423 414.82363
422 414.649297
421 414.494991
420 414.365016
419 414.262437
418 414.188211
417 414.145169
416 414.133734
415 414.152458
414 414.201909
413 414.279171
412 414.381743
411 414.508875
410 414.655934
409 414.819914
408 414.997896
407 415.185692
406 415.377981
405 415.572863
404 415.763072
403 415.947461
402 416.120893
401 416.278403
400 416.420885
399 416.541351
398 416.641013
397 416.717056
396 416.768219
395 416.795449
394 416.795925
393 416.771929
392 416.72266
391 416.649161
390 416.553408
389 416.435322
388 416.298612
387 416.145866
386 415.977052
385 415.800011
384 415.614637
383 415.424533
382 415.236063
381 415.049513
380 414.870693
379 414.701838
378 414.546695
377 414.407711
376 414.289071
375 414.192951
374 414.121102
373 414.076941
372 414.061382
371 414.076436
370 414.122436
369 414.198472
368 414.304901
367 414.438887
366 414.599385
365 414.780885
364 414.981128
363 415.195931
362 415.418878
361 415.647183
360 415.873692
359 416.092081
358 416.298599
357 416.488556
356 416.655338
355 416.794283
354 416.902825
353 416.975527
352 417.013646
351 417.011695
350 416.972523
349 416.895772
348 416.784495
347 416.641299
346 416.469948
345 416.276379
344 416.066342
343 415.843923
342 415.617643
341 415.391857
340 415.175188
339 414.972705
338 414.788587
337 414.63128
336 414.501284
335 414.404293
334 414.342246
333 414.316523
332 414.32806
331 414.37549
330 414.459468
329 414.575479
328 414.719123
327 414.8866
326 415.074763
325 415.276157
324 415.484801
323 415.695525
322 415.901562
321 416.098969
320 416.281669
319 416.446629
318 416.586405
317 416.699617
316 416.783614
315 416.837255
314 416.856879
313 416.847871
312 416.80687
311 416.737466
310 416.643387
309 416.527594
308 416.393549
307 416.243734
306 416.086786
305 415.921759
304 415.754784
303 415.593113
302 415.435709
301 415.289749
300 415.155869
299 415.037346
298 414.938605
297 414.857632
296 414.798173
295 414.760455
294 414.74436
293 414.748158
292 414.773405
291 414.817096
290 414.879908
289 414.95839
288 415.052869
287 415.159902
286 415.277094
285 415.404831
284 415.539891
283 415.677958
282 415.81948
281 415.959179
280 416.093871
279 416.222562
278 416.340784
277 416.44575
276 416.536277
275 416.606638
274 416.658548
273 416.688293
272 416.695659
271 416.679253
270 416.637247
269 416.571709
268 416.480091
267 416.364044
266 416.227181
265 416.068201
264 415.891516
263 415.701302
262 415.501025
261 415.29552
260 415.089117
259 414.888242
258 414.6983
257 414.524751
256 414.372515
255 414.247658
254 414.149818
253 414.088781
252 414.062264
251 414.073341
250 414.123805
249 414.213154
248 414.341458
247 414.505665
246 414.703841
245 414.931683
244 415.182126
243 415.453153
242 415.736188
241 416.022386
240 416.308111
239 416.582375
238 416.840863
237 417.075487
236 417.278128
235 417.446185
234 417.571496
233 417.653261
232 417.689424
231 417.676617
230 417.617735
229 417.515565
228 417.368302
227 417.186815
226 416.972228
225 416.731731
224 416.472851
223 416.202178
222 415.929481
221 415.658809
220 415.399082
219 415.157506
218 414.937914
217 414.745202
216 414.585696
215 414.461473
214 414.374795
213 414.326228
212 414.318299
211 414.346552
210 414.411213
209 414.511016
208 414.641146
207 414.79598
206 414.975135
205 415.170635
204 415.376782
203 415.59214
202 415.807083
201 416.018774
200 416.222146
199 416.412841
198 416.587737
197 416.741157
196 416.873414
195 416.980723
194 417.061458
193 417.11585
192 417.143069
191 417.1419
190 417.116399
189 417.06342
188 416.988167
187 416.890085
186 416.77328
185 416.639456
184 416.490484
183 416.330186
182 416.162631
181 415.986765
180 415.808824
179 415.630861
178 415.45687
177 415.288303
176 415.130301
175 414.984167
174 414.8557
173 414.742833
172 414.65356
171 414.585898
170 414.54304
169 414.525963
168 414.533819
167 414.570921
166 414.632232
165 414.719434
164 414.830247
163 414.963101
162 415.115601
161 415.283593
160 415.464414
159 415.653757
158 415.846797
157 416.03762
156 416.223045
155 416.396063
154 416.551612
153 416.683882
152 416.790965
151 416.866312
150 416.90812
149 416.916931
148 416.888782
147 416.826161
146 416.730305
145 416.602751
144 416.44773
143 416.270695
142 416.073402
141 415.863631
140 415.647533
139 415.431424
138 415.22115
137 415.021533
136 414.840603
135 414.686147
134 414.557857
133 414.465242
132 414.407805
131 414.388097
130 414.409074
129 414.469214
128 414.566725
127 414.699619
126 414.864387
125 415.056054
124 415.270629
123 415.500207
122 415.741009
121 415.982313
120 416.221306
119 416.449929
118 416.661024
117 416.848564
116 417.008513
115 417.135671
114 417.226891
113 417.280468
112 417.295285
111 417.271445
110 417.207283
109 417.110103
108 416.978967
107 416.818252
106 416.634503
105 416.430644
104 416.213211
103 415.9874
102 415.758743
101 415.534457
100 415.316037
99 415.112414
98 414.927305
97 414.761348
96 414.622023
95 414.510044
94 414.425598
93 414.371443
92 414.347528
91 414.35379
90 414.388897
89 414.450565
88 414.539886
87 414.651415
86 414.784662
85 414.93544
84 415.100922
83 415.27737
82 415.460767
81 415.647843
80 415.836215
79 416.019483
78 416.195837
77 416.364282
76 416.516047
75 416.653024
74 416.769001
73 416.863573
72 416.934239
71 416.976914
70 416.992576
69 416.978794
68 416.935088
67 416.862128
66 416.761708
65 416.634109
64 416.482269
63 416.306948
62 416.112918
61 415.903919
60 415.683215
59 415.457111
58 415.228684
57 415.002103
56 414.784874
55 414.58042
54 414.394824
53 414.231066
52 414.093071
51 413.987178
50 413.914357
49 413.87764
48 413.879081
47 413.917618
46 413.994896
45 414.108447
44 414.256919
43 414.435411
42 414.640888
41 414.869182
40 415.112862
39 415.366668
38 415.625569
37 415.880369
36 416.127611
35 416.359356
34 416.568338
33 416.751251
32 416.902541
31 417.015417
30 417.090157
29 417.124077
28 417.115698
27 417.066579
26 416.976652
25 416.851211
24 416.693304
23 416.506267
22 416.298107
21 416.072478
20 415.837097
19 415.599803
18 415.364256
17 415.137845
16 414.927195
15 414.736451
14 414.571023
13 414.434407
12 414.328803
11 414.258058
10 414.219574
9 414.218802
8 414.249881
7 414.312918
6 414.40683
5 414.526045
4 414.668277
3 414.828233
2 415.002278
1 415.185022
