1500 417.840536
1490 416.283928
1480 416.619441
1470 418.386616
1460 418.378917+7.31912345e-27i
1450 416.778486
1440 416.036248
1430 417.368826
1420 418.418201
1410 416.726062
1400 415.538815
1390 417.292751
1380 418.391197
1370 417.259395
1360 416.755623-1.14280978e-10i
1350 417.621483
1340 418.19393
1330 417.090375
1320 415.805572
1310 417.049405
1300 418.443286
1290 416.744889
1280 415.486554
1270 417.124768
1260 418.453308-1.02492946e-10i
1250 417.550823
1240 416.057267
1230 416.303868
1220 417.983728-1.05573628e-10i
1210 417.660695
1200 415.973151
1190 416.738717
1180 418.167267
1170 417.301458-1.16096183e-10i
1160 416.293581
1150 416.884469-1.15755437e-10i
1140 417.907136
1130 417.519989-1.10636878e-10i
1120 415.837827-1.11680495e-10i
1110 416.081113
1100 418.340003-1.18190475e-10i
1090 418.359344
1080 416.58439
1070 416.700707
1060 418.000067
1050 418.162494
1040 417.028383
1030 416.27334
1020 417.175421
1010 417.794696
1000 416.747073
990 416.691929
980 418.14654
970 418.288304
960 417.066547
950 416.618843+6.26224247e-27i
940 417.456437
930 418.141801
920 417.049379
910 415.767448+6.68150834e-27i
900 416.699395
890 418.03484
880 417.504743
870 416.634663
860 416.853445
850 417.492915
840 417.438515
830 416.61892
820 416.637329-1.06726512e-10i
810 417.53252
800 417.224668
790 416.280998
780 416.667837
770 417.653092
760 417.563211
750 416.413982
740 416.004358-1.11818846e-10i
730 417.309645
720 418.123626
710 417.034772
700 416.321972+7.17459264e-27i
690 417.154788-1.03786353e-10i
680 417.903723
670 417.336407-1.07270384e-10i
660 416.433024
650 416.834495
640 417.659439
630 417.01025
620 416.376727
610 417.408593
600 418.284539
590 417.453425
580 416.269818
570 416.747793
560 418.225834
550 417.704977
540 415.83056-1.11938999e-10i
530 416.172516
520 417.860442
510 417.777448+7.06495533e-27i
500 416.596522
490 416.530582
480 417.601493
470 417.732348
460 416.284378
450 416.207817
440 417.936004-1.07992804e-10i
430 417.670235
420 415.799294
410 416.092817
400 417.879357
390 418.01292
380 416.310774
370 415.55428
360 417.325339-1.12344866e-10i
350 418.437297
340 416.618562
330 415.894171
320 417.737687
310 418.103859
300 416.598045
290 416.319058
280 417.548706
270 418.098661
260 416.531715
250 415.554477+7.06876153e-27i
240 417.763271
230 419.088173
220 416.841549
210 415.842816
200 417.6754
190 418.580554
180 417.258645
170 415.977064
160 416.909901
150 418.372227
140 417.095942
130 415.841772
120 417.675446
110 418.671663
100 416.759159
90 415.821957
80 417.286712
70 418.457827
60 417.133224
50 415.343068
40 416.554723
30 418.558515
20 417.289953-1.12285692e-10i
10 415.652677+6.59191844e-27i
