1500 168.449645
1490 176.679298
1480 175.946853
1470 168.021645
1460 168.010145
1450 175.147438
1440 177.862448
1430 170.881551
1420 165.144088
1410 173.04802
1400 178.756334
1390 171.303506
1380 167.001
1370 173.305907
1360 176.011266
1350 171.668145
1340 168.18196
1330 172.581207
1320 177.817461
1310 171.575026
1300 164.686782
1290 173.144894
1280 179.386846
1270 172.282475
1260 166.123584
1250 170.457601
1240 177.101401
1230 175.572268
1220 167.309643
1210 168.891861
1200 177.083531
1190 173.892507
1180 167.405109
1170 171.7549
1160 176.360382
1150 173.189917
1140 167.738281
1130 169.234129
1120 177.221868
1110 176.676314
1100 166.854379
1090 167.693151
1080 176.706933
1070 176.378618
1060 170.008663
1050 168.582617
1040 173.115871
1030 175.798405
1020 171.121404
1010 168.38369
1000 174.254928
990 175.592752
980 169.547633
970 169.150648
960 174.662868
950 176.094742
940 171.312098
930 167.167366
920 171.795257
910 177.516448
900 173.391893
890 167.516808
880 170.656669
870 175.032857
860 173.911992
850 170.494278
840 170.303096
830 173.83827
820 173.578511
810 169.309111
800 170.894325
790 175.468106
780 173.706643
770 168.918354
760 169.1554
750 174.496324
740 176.483869
730 170.670051
720 167.179365
710 172.816502
700 176.4062
690 172.587899
680 168.858364
670 171.212633
660 175.000864
650 172.74138
640 168.765742
630 172.281294
620 175.938759
610 171.770264
600 167.911811
590 171.877373
580 177.069956
570 174.367315
560 166.741914
550 168.798312
540 177.340179
530 175.767536
520 168.036572
510 168.876594
500 174.8042
490 175.166119
480 169.868152
470 168.870171
460 175.398121
450 175.536416
440 167.228871
430 168.549382
420 177.453473
410 176.188423
400 167.726279
390 166.976639
380 174.981065
370 178.435698
360 170.31653
350 165.210739
340 174.334309
330 177.980905
320 169.529178
310 167.823056
300 174.899863
290 175.92412
280 169.76545
270 166.853824
260 174.465379
250 179.43617
240 169.818411
230 163.937164
220 175.07198
210 179.63379
200 170.87784
190 166.123442
180 172.074576
170 177.621876
160 172.985548
150 165.923228
140 172.429138
130 178.710719
120 170.501286
110 165.64116
100 174.537156
90 178.442057
80 171.221187
70 165.205509
60 171.421585
50 179.583952
40 173.993099
30 164.400173
20 170.698199
10 178.35385
