1000 187.351736
999 187.849246
998 188.283884
997 188.639908
996 188.908305
995 189.083224
994 189.159867
993 189.137608
992 189.01894
991 188.807292
990 188.509784
989 188.13506
988 187.69316
987 187.19675
986 186.658507
985 186.09338
984 185.515866
983 184.943849
982 184.391619
981 183.874356
980 183.409219
979 183.005246
978 182.674557
977 182.426507
976 182.264328
975 182.191471
974 182.207988
973 182.310073
972 182.493579
971 182.752759
970 183.078675
969 183.463703
968 183.895671
967 184.365486
966 184.860505
965 185.369409
964 185.880428
963 186.382969
962 186.865938
961 187.319631
960 187.735626
959 188.110352
958 188.434096
957 188.706408
956 188.922917
955 189.079411
954 189.176108
953 189.211059
952 189.18266
951 189.092205
950 188.939645
949 188.726686
948 188.456733
947 188.132685
946 187.76142
945 187.34681
944 186.895408
943 186.414515
942 185.910709
941 185.392102
940 184.866574
939 184.343153
938 183.830689
937 183.338559
936 182.878803
935 182.461519
934 182.097024
933 181.796902
932 181.569864
931 181.422849
930 181.363679
929 181.395961
928 181.519851
927 181.73567
926 182.038914
925 182.42328
924 182.882197
923 183.405471
922 183.982039
921 184.601736
920 185.249503
919 185.91196
918 186.575162
917 187.223147
916 187.83931
915 188.409802
914 188.918275
913 189.352057
912 189.700855
911 189.954287
910 190.107002
909 190.157281
908 190.10241
907 189.945984
906 189.692896
905 189.347956
904 188.9205
903 188.420674
902 187.857467
901 187.245491
900 186.599035
899 185.932183
898 185.263223
897 184.60767
896 183.982485
895 183.405009
894 182.889216
893 182.447275
892 182.090465
891 181.825119
890 181.654835
889 181.580842
888 181.602458
887 181.713298
886 181.909241
885 182.180098
884 182.516774
883 182.909982
882 183.347358
881 183.81624
880 184.30634
879 184.803932
878 185.296973
877 185.77446
876 186.226541
875 186.644162
874 187.020064
873 187.34855
872 187.625559
871 187.849206
870 188.01861
869 188.13446
868 188.19598
867 188.205845
866 188.165086
865 188.077757
864 187.945889
863 187.774088
862 187.566484
861 187.327654
860 187.06327
859 186.779065
858 186.480572
857 186.172462
856 185.860457
855 185.548475
854 185.242127
853 184.945694
852 184.664212
851 184.402892
850 184.165107
849 183.958416
848 183.785041
847 183.651144
846 183.560069
845 183.514332
844 183.516121
843 183.565915
842 183.663125
841 183.806791
840 183.993742
839 184.220597
838 184.482351
837 184.772962
836 185.086117
835 185.414513
834 185.749768
833 186.082906
832 186.405884
831 186.707637
830 186.979779
829 187.213554
828 187.400722
827 187.534145
826 187.609343
825 187.620857
824 187.568946
823 187.453
822 187.275884
821 187.041722
820 186.755398
819 186.424699
818 186.058992
817 185.666359
816 185.258165
815 184.846276
814 184.441818
813 184.057463
812 183.706625
811 183.399327
810 183.147558
809 182.960092
808 182.842926
807 182.801565
806 182.837633
805 182.950081
804 183.136472
803 183.391761
802 183.707065
801 184.075477
800 184.486233
799 184.926765
798 185.387027
797 185.854902
796 186.316549
795 186.76163
794 187.178328
793 187.556406
792 187.88597
791 188.158598
790 188.368276
789 188.510808
788 188.582374
787 188.582646
786 188.513638
785 188.376347
784 188.176391
783 187.919365
782 187.611455
781 187.259514
780 186.871625
779 186.455043
778 186.017923
777 185.568997
776 185.116151
775 184.669593
774 184.237512
773 183.828751
772 183.451902
771 183.113804
770 182.821765
769 182.58037
768 182.39389
767 182.26401
766 182.193533
765 182.182601
764 182.23231
763 182.341964
762 182.51144
761 182.73781
760 183.019345
759 183.352657
758 183.732342
757 184.15324
756 184.607338
755 185.086066
754 185.581793
753 186.084108
752 186.583141
751 187.070383
750 187.534913
749 187.968146
748 188.361261
747 188.707074
746 188.996035
745 189.222099
744 189.379559
743 189.461559
742 189.465307
741 189.387652
740 189.226763
739 188.985631
738 188.66608
737 188.273146
736 187.815709
735 187.301519
734 186.741516
733 186.14856
732 185.534517
731 184.912933
730 184.298795
729 183.705805
728 183.147779
727 182.639837
726 182.194712
725 181.823577
724 181.539133
723 181.347069
722 181.253794
721 181.263542
720 181.372418
719 181.577832
718 181.874829
717 182.251541
716 182.699182
715 183.2051
714 183.755584
713 184.338176
712 184.937712
711 185.540452
710 186.132461
709 186.701636
708 187.233479
707 187.718172
706 188.146396
705 188.5085
704 188.799188
703 189.014553
702 189.149862
701 189.207308
700 189.187949
699 189.093781
698 188.930326
697 188.702805
696 188.418243
695 188.083003
694 187.70598
693 187.29466
692 186.857959
691 186.404456
690 185.943763
689 185.484535
688 185.036829
687 184.609672
686 184.211119
685 183.850182
684 183.532349
683 183.264058
682 183.049782
681 182.891817
680 182.79243
679 182.752661
678 182.771495
677 182.849921
676 182.985247
675 183.174425
674 183.415112
673 183.701584
672 184.027568
671 184.386439
670 184.769592
669 185.167842
668 185.571749
667 185.972871
666 186.360747
665 186.727232
664 187.064358
663 187.364157
662 187.620181
661 187.824931
660 187.973567
659 188.062044
658 188.085567
657 188.042783
656 187.932889
655 187.755675
654 187.51512
653 187.21662
652 186.865999
651 186.472821
650 186.047398
649 185.601972
648 185.149021
647 184.700684
646 184.270931
645 183.871789
644 183.514152
643 183.208887
642 182.965255
641 182.791093
640 182.692335
639 182.674195
638 182.738797
637 182.884857
636 183.111506
635 183.411669
634 183.777706
633 184.199974
632 184.663916
631 185.15683
630 185.664904
629 186.172229
628 186.664691
627 187.13089
626 187.55654
625 187.932278
624 188.249292
623 188.49814
622 188.67367
621 188.771258
620 188.785959
619 188.720031
618 188.571182
617 188.344861
616 188.046131
615 187.681902
614 187.262172
613 186.797938
612 186.300511
611 185.783057
610 185.257695
609 184.738179
608 184.235226
607 183.761539
606 183.328903
605 182.943584
604 182.617276
603 182.355533
602 182.16462
601 182.050413
600 182.013788
599 182.057515
598 182.180014
597 182.379126
596 182.649572
595 182.985974
594 183.379609
593 183.822997
592 184.306912
591 184.820825
590 185.356717
589 185.904423
588 186.453553
587 186.995691
586 187.520108
585 188.017306
584 188.476625
583 188.889864
582 189.247478
581 189.539291
580 189.761854
579 189.905163
578 189.967498
577 189.945143
576 189.835191
575 189.638747
574 189.356777
573 188.990979
572 188.547647
571 188.031489
570 187.450278
569 186.815435
568 186.136772
567 185.42841
566 184.704992
565 183.984812
564 183.282047
563 182.616317
562 182.004958
561 181.462683
560 181.006245
559 180.649825
558 180.402026
557 180.273006
556 180.268764
555 180.388517
554 180.634256
553 181.000371
552 181.477921
551 182.05759
550 182.724705
549 183.461353
548 184.250626
547 185.070618
546 185.899444
545 186.716997
544 187.501599
543 188.233615
542 188.896713
541 189.476404
540 189.958958
539 190.336111
538 190.600648
537 190.746158
536 190.773934
535 190.681231
534 190.471748
533 190.151991
532 189.728141
531 189.211903
530 188.617234
529 187.957758
528 187.251766
527 186.517732
526 185.773947
525 185.039128
524 184.332379
523 183.668399
522 183.064566
521 182.532584
520 182.08274
519 181.724525
518 181.463483
517 181.3029
516 181.244271
515 181.286008
514 181.424509
513 181.654002
512 181.966438
511 182.351083
510 182.796665
509 183.291135
508 183.819555
507 184.369272
506 184.927202
505 185.479064
504 186.015208
503 186.525772
502 186.999994
501 187.432928
500 187.815653
499 188.144104
498 188.412606
497 188.616758
496 188.753785
495 188.821617
494 188.818139
493 188.745125
492 188.603577
491 188.395391
490 188.126595
489 187.801451
488 187.426779
487 187.007882
486 186.554618
485 186.074962
484 185.578015
483 185.074571
482 184.575625
481 184.091172
480 183.635556
479 183.21866
478 182.853946
477 182.551537
476 182.321927
475 182.173452
474 182.112051
473 182.142253
472 182.266663
471 182.48238
470 182.787286
469 183.173536
468 183.633681
467 184.15529
466 184.726096
465 185.332421
464 185.956729
463 186.583529
462 187.195477
461 187.774528
460 188.305345
459 188.771042
458 189.156473
457 189.450278
456 189.641539
455 189.721911
454 189.688646
453 189.538421
452 189.272976
451 188.898794
450 188.421048
449 187.851336
448 187.203053
447 186.490586
446 185.731113
445 184.947035
444 184.156653
443 183.383639
442 182.652568
441 181.983072
440 181.397884
439 180.917044
438 180.554113
437 180.323086
436 180.23185
435 180.283081
434 180.476886
433 180.807747
432 181.264841
431 181.836418
430 182.506724
429 183.254063
428 184.060963
427 184.904785
426 185.762207
425 186.612739
424 187.434895
423 188.206457
422 188.912063
421 189.532987
420 190.056018
419 190.471659
418 190.770769
417 190.947829
416 191.0035
415 190.936385
414 190.751789
413 190.455038
412 190.053367
411 189.557012
410 188.977412
409 188.32667
408 187.618848
407 186.869348
406 186.092666
405 185.307194
404 184.529796
403 183.77601
402 183.063322
401 182.406651
400 181.818142
399 181.309722
398 180.891207
397 180.567494
396 180.344961
395 180.227678
394 180.214317
393 180.306899
392 180.502773
391 180.798069
390 181.187974
389 181.665407
388 182.219872
387 182.841592
386 183.518702
385 184.236602
384 184.981593
383 185.740333
382 186.496069
381 187.236142
380 187.946641
379 188.613447
378 189.224619
377 189.769645
376 190.235322
375 190.612156
374 190.892229
373 191.065398
372 191.126563
371 191.070561
370 190.894314
369 190.598322
368 190.186349
367 189.662825
366 189.038676
365 188.325426
364 187.536118
363 186.689405
362 185.804106
361 184.898412
360 183.99642
359 183.118667
358 182.28892
357 181.529952
356 180.863035
355 180.308327
354 179.885067
353 179.606291
352 179.481764
351 179.519363
350 179.717172
349 180.06982
348 180.56946
347 181.199593
346 181.94088
345 182.774387
344 183.672568
343 184.611578
342 185.565467
341 186.506825
340 187.411292
339 188.255763
338 189.015756
337 189.675314
336 190.216594
335 190.626464
334 190.896301
333 191.02142
332 190.99786
331 190.830169
330 190.524418
329 190.089122
328 189.539359
327 188.89089
326 188.161593
325 187.374547
324 186.551334
323 185.714023
322 184.887848
321 184.094365
320 183.355396
319 182.693019
318 182.123408
317 181.662175
316 181.321963
315 181.107857
314 181.025147
313 181.072821
312 181.244128
311 181.530894
310 181.921452
309 182.4005
308 182.952502
307 183.558766
306 184.203037
305 184.866023
304 185.531674
303 186.182611
302 186.803779
301 187.380416
300 187.901245
299 188.355646
298 188.735391
297 189.033719
296 189.248162
295 189.375898
294 189.416518
293 189.372851
292 189.247256
291 189.042783
290 188.765846
289 188.421193
288 188.014368
287 187.554282
286 187.046361
285 186.500553
284 185.924334
283 185.329371
282 184.72555
281 184.125409
280 183.540834
279 182.984906
278 182.470097
277 182.009469
276 181.614074
275 181.294223
274 181.059182
273 180.915821
272 180.871245
271 180.929034
270 181.091793
269 181.362108
268 181.737655
267 182.214425
266 182.788078
265 183.447335
264 184.180842
263 184.973624
262 185.80716
261 186.660672
260 187.515737
259 188.347787
258 189.135581
257 189.860081
256 190.50065
255 191.038663
254 191.4615
253 191.754111
252 191.906992
251 191.913534
250 191.767532
249 191.469876
248 191.023518
247 190.43258
246 189.708811
245 188.866936
244 187.921503
243 186.8971
242 185.818584
241 184.710006
240 183.605265
239 182.533009
238 181.523442
237 180.609777
236 179.817707
235 179.172073
234 178.695647
233 178.402782
232 178.302203
231 178.400321
230 178.692231
229 179.170319
228 179.81929
227 180.618954
226 181.543131
225 182.566595
224 183.656024
223 184.781039
222 185.913279
221 187.018998
220 188.072319
219 189.051225
218 189.928852
217 190.690734
216 191.321559
215 191.808449
214 192.144909
213 192.327845
212 192.35541
211 192.231956
210 191.964064
209 191.560075
208 191.034285
207 190.399776
206 189.674641
205 188.877499
204 188.027611
203 187.144981
202 186.25158
201 185.36757
200 184.51107
199 183.702147
198 182.957753
197 182.289552
196 181.713402
195 181.23736
194 180.867195
193 180.60955
192 180.46502
191 180.43193
190 180.509359
189 180.690051
188 180.968787
187 181.33588
186 181.782766
185 182.298913
184 182.87238
183 183.492106
182 184.14666
181 184.822698
180 185.508313
179 186.191
178 186.858087
177 187.497102
176 188.094695
175 188.640337
174 189.120937
173 189.526685
172 189.849971
171 190.082262
170 190.216775
169 190.252388
168 190.184406
167 190.012895
166 189.738932
165 189.3662
164 188.898431
163 188.344521
162 187.712865
161 187.015331
160 186.266701
159 185.484293
158 184.686001
157 183.893336
156 183.12863
155 182.413509
154 181.772733
153 181.22436
152 180.790554
151 180.48568
150 180.321342
149 180.305836
148 180.442604
147 180.726489
146 181.153519
145 181.711185
144 182.381923
143 183.150111
142 183.992398
141 184.883429
140 185.801388
139 186.71752
138 187.605715
137 188.442668
136 189.201867
135 189.863635
134 190.40773
133 190.818855
132 191.085705
131 191.200648
130 191.158952
129 190.962328
128 190.615352
127 190.12585
126 189.506733
125 188.775947
124 187.949222
123 187.051583
122 186.108628
121 185.143773
120 184.187634
119 183.267874
118 182.408926
117 181.639486
116 180.980289
115 180.450069
114 180.065714
113 179.836626
112 179.76695
111 179.859892
110 180.107727
109 180.502206
108 181.030781
107 181.674378
106 182.413732
105 183.227858
104 184.092629
103 184.9844
102 185.880955
101 186.75906
100 187.598215
99 188.379776
98 189.086483
97 189.703403
96 190.221596
95 190.629652
94 190.923683
93 191.099554
92 191.156341
91 191.095161
90 190.920751
89 190.635779
88 190.250394
87 189.770625
86 189.20722
85 188.571922
84 187.876769
83 187.134768
82 186.360378
81 185.568451
80 184.772695
79 183.98873
78 183.231477
77 182.51453
76 181.851745
75 181.258194
74 180.744654
73 180.324066
72 180.007005
71 179.801166
70 179.713764
69 179.750013
68 179.909146
67 180.191834
66 180.593379
65 181.106019
64 181.721511
63 182.427388
62 183.208539
61 184.04976
60 184.933005
59 185.838894
58 186.748217
57 187.641977
56 188.498809
55 189.300387
54 190.028589
53 190.664922
52 191.195059
51 191.604587
50 191.881704
49 192.019138
48 192.010059
47 191.850847
46 191.545594
45 191.096518
44 190.511906
43 189.80541
42 188.989931
41 188.083357
40 187.108329
39 186.085445
38 185.041214
37 184.002055
36 182.994192
35 182.045186
34 181.183404
33 180.4304
32 179.809959
31 179.341342
30 179.036215
29 178.904241
28 178.949423
27 179.167315
26 179.551019
25 180.088525
24 180.758579
23 181.543461
22 182.417295
21 183.352054
20 184.322708
19 185.302297
18 186.260769
17 187.177488
16 188.02717
15 188.790122
14 189.450036
13 189.992293
12 190.406214
11 190.686926
10 190.828599
9 190.832199
8 190.702207
7 190.444055
6 190.06721
5 189.585109
4 189.011219
3 188.361301
2 187.654918
1 186.909204
