1000 403.838857
999 403.748393
998 403.674134
997 403.616408
996 403.57876
995 403.563204
994 403.56792
993 403.597339
992 403.646261
991 403.715851
990 403.806981
989 403.912327
988 404.031334
987 404.164624
986 404.302809
985 404.448292
984 404.592675
983 404.736155
982 404.873553
981 405.000556
980 405.116519
979 405.21697
978 405.299201
977 405.362216
976 405.40615
975 405.427922
974 405.4294
973 405.411073
972 405.374474
971 405.318399
970 405.246882
969 405.162208
968 405.063277
967 404.957974
966 404.843651
965 404.725371
964 404.605554
963 404.485744
962 404.369817
961 404.258969
960 404.154022
959 404.060897
958 403.974101
957 403.900276
956 403.83947
955 403.789425
954 403.753522
953 403.730733
952 403.721396
951 403.725943
950 403.743522
949 403.77593
948 403.819495
947 403.873865
946 403.941422
945 404.0161
944 404.098955
943 404.189031
942 404.283266
941 404.380228
940 404.478427
939 404.576611
938 404.671962
937 404.762369
936 404.845036
935 404.919772
934 404.981713
933 405.031562
932 405.064407
931 405.079361
930 405.0767
929 405.05426
928 405.013199
927 404.950269
926 404.870147
925 404.772884
924 404.659415
923 404.532142
922 404.394637
921 404.246208
920 404.09324
919 403.936184
918 403.780131
917 403.626698
916 403.482387
915 403.347971
914 403.227931
913 403.12515
912 403.043252
911 402.983289
910 402.947484
909 402.936097
908 402.949239
907 402.986704
906 403.047661
905 403.130018
904 403.231382
903 403.350545
902 403.483779
901 403.62843
900 403.781316
899 403.938148
898 404.096452
897 404.251368
896 404.400267
895 404.538717
894 404.662114
893 404.771487
892 404.860417
891 404.930248
890 404.980012
889 405.008224
888 405.01651
887 405.004932
886 404.974653
885 404.926824
884 404.864872
883 404.79103
882 404.706331
881 404.612271
880 404.514982
879 404.413844
878 404.312727
877 404.213999
876 404.120591
875 404.033536
874 403.954591
873 403.885389
872 403.827869
871 403.780043
870 403.743821
869 403.720676
868 403.706074
867 403.704693
866 403.71246
865 403.730951
864 403.757022
863 403.792096
862 403.83605
861 403.883443
860 403.936988
859 403.995175
858 404.054664
857 404.116323
856 404.178477
855 404.239131
854 404.299411
853 404.356379
852 404.409934
851 404.459579
850 404.501257
849 404.539231
848 404.567372
847 404.586965
846 404.598579
845 404.598366
844 404.588218
843 404.568024
842 404.537356
841 404.497336
840 404.446055
839 404.387975
838 404.322111
837 404.248568
836 404.171533
835 404.090232
834 404.009671
833 403.927786
832 403.849723
831 403.776983
830 403.709993
829 403.651844
828 403.60567
827 403.570328
826 403.549958
825 403.543154
824 403.551008
823 403.574409
822 403.610856
821 403.661481
820 403.7229
819 403.795498
818 403.87562
817 403.961979
816 404.052249
815 404.143936
814 404.233678
813 404.317803
812 404.396342
811 404.464934
810 404.521687
809 404.5645
808 404.591769
807 404.602507
806 404.596064
805 404.57356
804 404.534828
803 404.481514
802 404.414432
801 404.336492
800 404.248093
799 404.153335
798 404.054803
797 403.954072
796 403.853036
795 403.757175
794 403.666822
793 403.584828
792 403.512814
791 403.454058
790 403.409225
789 403.379102
788 403.364286
787 403.364774
786 403.3828
785 403.414786
784 403.460945
783 403.519291
782 403.589424
781 403.667857
780 403.754717
779 403.847456
778 403.943837
777 404.042802
776 404.142595
775 404.239499
774 404.332626
773 404.420709
772 404.500865
771 404.57177
770 404.632925
769 404.682482
768 404.719011
767 404.742882
766 404.754844
765 404.752645
764 404.73866
763 404.710029
762 404.669566
761 404.615725
760 404.549896
759 404.473893
758 404.38693
757 404.291305
756 404.186957
755 404.078975
754 403.9666
753 403.852746
752 403.738914
751 403.628454
750 403.522938
749 403.424712
748 403.335962
747 403.258628
746 403.193865
745 403.143648
744 403.111129
743 403.094985
742 403.097682
741 403.118784
740 403.159613
739 403.219366
738 403.296302
737 403.390783
736 403.499672
735 403.621326
734 403.753954
733 403.892818
732 404.037445
731 404.183934
730 404.328286
729 404.467599
728 404.598967
727 404.719047
726 404.82599
725 404.914788
724 404.988022
723 405.037987
722 405.067293
721 405.0752
720 405.060183
719 405.024553
718 404.968202
717 404.895005
716 404.805578
715 404.703425
714 404.589836
713 404.470584
712 404.344626
711 404.219718
710 404.094924
709 403.975921
708 403.862935
707 403.760735
706 403.670802
705 403.594581
704 403.533766
703 403.491076
702 403.464773
701 403.456138
700 403.464264
699 403.488687
698 403.528488
697 403.582474
696 403.649345
695 403.725463
694 403.811018
693 403.905365
692 404.002922
691 404.103765
690 404.207341
689 404.307911
688 404.405803
687 404.499797
686 404.58411
685 404.661808
684 404.728026
683 404.783414
682 404.826434
681 404.855706
680 404.872643
679 404.875752
678 404.864709
677 404.841804
676 404.805082
675 404.755515
674 404.695952
673 404.623972
672 404.544226
671 404.455435
670 404.362496
669 404.265048
668 404.165857
667 404.066916
666 403.97116
665 403.878899
664 403.793851
663 403.716257
662 403.648784
661 403.591655
660 403.548706
659 403.519687
658 403.503891
657 403.504322
656 403.520286
655 403.551537
654 403.597824
653 403.657955
652 403.729848
651 403.811335
650 403.9017
649 403.995803
648 404.092956
647 404.188811
646 404.281539
645 404.368568
644 404.446562
643 404.514662
642 404.569647
641 404.610342
640 404.635646
639 404.643859
638 404.63565
637 404.609368
636 404.567021
635 404.509091
634 404.437612
633 404.354755
632 404.263212
631 404.164096
630 404.063635
629 403.963686
628 403.866336
627 403.776144
626 403.695494
625 403.624483
624 403.568777
623 403.528202
622 403.503157
621 403.496909
620 403.508977
619 403.541311
618 403.588981
617 403.655262
616 403.738665
615 403.833801
614 403.942352
613 404.060372
612 404.183601
611 404.311785
610 404.439004
609 404.565761
608 404.68589
607 404.799111
606 404.904671
605 404.995397
604 405.074148
603 405.138128
602 405.185376
601 405.214487
600 405.225681
599 405.220701
598 405.195549
597 405.153428
596 405.094852
595 405.021285
594 404.932774
593 404.83415
592 404.724814
591 404.607434
590 404.484135
589 404.357451
588 404.229799
587 404.102363
586 403.978034
585 403.860477
584 403.748024
583 403.646723
582 403.558834
581 403.482472
580 403.424506
579 403.382087
578 403.357947
577 403.352995
576 403.367874
575 403.402138
574 403.45562
573 403.527227
572 403.618117
571 403.721382
570 403.841674
569 403.973591
568 404.112694
567 404.259356
566 404.409032
565 404.556792
564 404.700509
563 404.835286
562 404.958205
561 405.064991
560 405.152785
559 405.219667
558 405.263209
557 405.280471
556 405.271397
555 405.235009
554 405.172348
553 405.083945
552 404.971378
551 404.836202
550 404.681767
549 404.511955
548 404.33078
547 404.140782
546 403.949691
545 403.761153
544 403.579009
543 403.409057
542 403.254837
541 403.118234
540 403.005514
539 402.916423
538 402.853492
537 402.818593
536 402.81077
535 402.832441
534 402.879743
533 402.954344
532 403.051534
531 403.171688
530 403.30945
529 403.461267
528 403.624089
527 403.793476
526 403.964027
525 404.133466
524 404.296437
523 404.449769
522 404.590084
521 404.713718
520 404.819437
519 404.906303
518 404.970471
517 405.014803
516 405.036519
515 405.036593
514 405.01633
513 404.974455
512 404.915983
511 404.841027
510 404.751367
509 404.652925
508 404.543511
507 404.431054
506 404.31418
505 404.199211
504 404.085962
503 403.979329
502 403.877969
501 403.786499
500 403.704359
499 403.635133
498 403.577215
497 403.533258
496 403.503713
495 403.491166
494 403.491418
493 403.507971
492 403.539987
491 403.585056
490 403.644771
489 403.714665
488 403.796116
487 403.88569
486 403.983506
485 404.086606
484 404.191234
483 404.296931
482 404.402286
481 404.502434
480 404.596506
479 404.681359
478 404.754587
477 404.813447
476 404.855446
475 404.881121
474 404.886223
473 404.871833
472 404.837568
471 404.782795
470 404.708498
469 404.61593
468 404.508039
467 404.385571
466 404.251258
465 404.110614
464 403.964826
463 403.817345
462 403.674658
461 403.537799
460 403.412274
459 403.301248
458 403.208286
457 403.136213
456 403.087371
455 403.064793
454 403.068154
453 403.098483
452 403.155105
451 403.23631
450 403.34047
449 403.467033
448 403.610113
447 403.766572
446 403.93426
445 404.106322
444 404.279807
443 404.448548
442 404.607312
441 404.75242
440 404.879244
439 404.983627
438 405.062122
437 405.11218
436 405.132098
435 405.121745
434 405.08043
433 405.010341
432 404.911162
431 404.788682
430 404.643863
429 404.481461
428 404.305328
427 404.120274
426 403.931423
425 403.743535
424 403.561158
423 403.389844
422 403.232625
421 403.093324
420 402.976558
419 402.884389
418 402.817945
417 402.779344
416 402.769501
415 402.785547
414 402.830256
413 402.90018
412 402.992548
411 403.107108
410 403.240683
409 403.388755
408 403.549234
407 403.717877
406 403.891897
405 404.067687
404 404.239654
403 404.406321
402 404.562713
401 404.705095
400 404.832667
399 404.942176
398 405.032431
397 405.101142
396 405.146912
395 405.170627
394 405.171071
393 405.149167
392 405.104562
391 405.038713
390 404.951797
389 404.845136
388 404.721743
387 404.582367
386 404.430635
385 404.270708
384 404.102694
383 403.931872
382 403.760731
381 403.592698
380 403.431226
379 403.278804
378 403.138669
377 403.013698
376 402.906322
375 402.819428
374 402.754744
373 402.715027
372 402.701018
371 402.714378
370 402.755798
369 402.824434
368 402.920618
367 403.041685
366 403.186297
365 403.35105
364 403.53214
363 403.726479
362 403.927413
361 404.132872
360 404.337929
359 404.535995
358 404.723452
357 404.895094
356 405.04547
355 405.171523
354 405.269371
353 405.336628
352 405.37085
351 405.369498
350 405.334834
349 405.266248
348 405.165467
347 405.036717
346 404.8822
345 404.709256
344 404.518591
343 404.319769
342 404.115786
341 403.912943
340 403.717783
339 403.535746
338 403.369907
337 403.227446
336 403.11061
335 403.023573
334 402.967737
333 402.945596
332 402.957144
331 403.000668
330 403.076073
329 403.181492
328 403.310993
327 403.462987
326 403.63227
325 403.813195
324 404.00133
323 404.192698
322 404.379267
321 404.558817
320 404.723146
319 404.871909
318 404.997961
317 405.100577
316 405.177122
315 405.224772
314 405.243549
313 405.233717
312 405.197311
311 405.135354
310 405.050397
309 404.945104
308 404.82476
307 404.689126
306 404.547187
305 404.398615
304 404.248009
303 404.101529
302 403.960056
301 403.826733
300 403.7064
299 403.599239
298 403.509555
297 403.43665
296 403.382862
295 403.348488
294 403.33252
293 403.336249
292 403.359178
291 403.396914
290 403.453079
289 403.524233
288 403.608108
287 403.704071
286 403.810419
285 403.924763
284 404.045486
283 404.170648
282 404.297392
281 404.421927
280 404.543736
279 404.660477
278 404.766538
277 404.860747
276 404.941758
275 405.005393
274 405.051745
273 405.078258
272 405.085406
271 405.069545
270 405.031571
269 404.972624
268 404.88891
267 404.785024
266 404.661143
265 404.517224
264 404.35901
263 404.187504
262 404.006908
261 403.82159
260 403.635563
259 403.454801
258 403.284626
257 403.128571
256 402.991871
255 402.878402
254 402.79149
253 402.736275
252 402.713619
251 402.724916
250 402.771989
249 402.854183
248 402.970449
247 403.119595
246 403.298969
245 403.505133
244 403.732323
243 403.977782
242 404.233729
241 404.493452
240 404.75269
239 405.001824
238 405.2351
237 405.447856
236 405.631534
235 405.783785
234 405.898085
233 405.97215
232 406.005957
231 405.994394
230 405.94248
229 405.851343
228 405.718168
227 405.554973
226 405.361987
225 405.144997
224 404.911912
223 404.66815
222 404.421593
221 404.178103
220 403.944009
219 403.72541
218 403.527553
217 403.354207
216 403.210106
215 403.097968
214 403.019957
213 402.975984
212 402.968228
211 402.993972
210 403.052396
209 403.140574
208 403.258546
207 403.398507
206 403.560396
205 403.736113
204 403.922343
203 404.115071
202 404.308956
201 404.500274
200 404.682096
199 404.854595
198 405.011454
197 405.150182
196 405.268886
195 405.366911
194 405.437764
193 405.486772
192 405.510524
191 405.509755
190 405.485056
189 405.436686
188 405.368626
187 405.278682
186 405.173785
185 405.05289
184 404.917824
183 404.771365
182 404.619672
181 404.460795
180 404.29988
179 404.138626
178 403.980713
177 403.828183
176 403.684196
175 403.551592
174 403.434515
173 403.333172
172 403.252162
171 403.190453
170 403.150785
169 403.135983
168 403.142992
167 403.174984
166 403.229866
165 403.307938
164 403.407367
163 403.526874
162 403.663604
161 403.81598
160 403.979028
159 404.149555
158 404.323713
157 404.496565
156 404.663002
155 404.819255
154 404.958873
153 405.079314
152 405.175648
151 405.243356
150 405.281178
149 405.289239
148 405.265084
147 405.208637
146 405.122172
145 405.007784
144 404.868112
143 404.708846
142 404.531531
141 404.34239
140 404.148881
139 403.952607
138 403.763694
137 403.585289
136 403.422455
135 403.283966
134 403.168106
133 403.08534
132 403.03498
131 403.017889
130 403.037513
129 403.09237
128 403.18052
127 403.300562
126 403.449261
125 403.623997
124 403.817582
123 404.025432
122 404.242314
121 404.461578
120 404.6777
119 404.883238
118 405.073907
117 405.242809
116 405.3886
115 405.503228
114 405.585609
113 405.634484
112 405.647347
111 405.625074
110 405.567833
109 405.479098
108 405.360753
107 405.214881
106 405.0488
105 404.86479
104 404.667637
103 404.463432
102 404.2568
101 404.053572
100 403.856218
99 403.67205
98 403.5043
97 403.354506
96 403.228075
95 403.12577
94 403.048755
93 403.000432
92 402.977826
91 402.982792
90 403.013749
89 403.069172
88 403.149417
87 403.249086
86 403.368392
85 403.504672
84 403.651847
83 403.811145
82 403.97587
81 404.145163
80 404.313797
79 404.478968
78 404.638335
77 404.788525
76 404.926143
75 405.049014
74 405.154063
73 405.238311
72 405.301319
71 405.339996
70 405.353987
69 405.341204
68 405.301762
67 405.236127
66 405.144611
65 405.028952
64 404.890891
63 404.732847
62 404.557738
61 404.369101
60 404.169137
59 403.964194
58 403.757328
57 403.553579
56 403.357942
55 403.173045
54 403.005094
53 402.857096
52 402.732709
51 402.636843
50 402.570689
49 402.537036
48 402.538567
47 402.574135
46 402.643386
45 402.746917
44 402.879086
43 403.041454
42 403.225901
41 403.431799
40 403.65197
39 403.881284
38 404.114582
37 404.345483
36 404.568745
35 404.777501
34 404.967058
33 405.131275
32 405.267266
31 405.370545
30 405.43827
29 405.469006
28 405.4611
27 405.417259
26 405.33645
25 405.22346
24 405.080102
23 404.912154
22 404.724042
21 404.521602
20 404.309052
19 404.094037
18 403.88144
17 403.677533
16 403.487505
15 403.315524
14 403.166232
13 403.04288
12 402.947459
11 402.882775
10 402.849256
9 402.847952
8 402.876597
7 402.933789
6 403.018055
5 403.125607
4 403.253498
3 403.397106
2 403.553461
1 403.718506
