1000 175.662816
999 176.237275
998 176.737926
997 177.147474
996 177.455458
995 177.655586
994 177.742062
993 177.713919
992 177.57486
991 177.328289
990 176.982191
989 176.546702
988 176.033372
987 175.456403
986 174.830466
985 174.172486
984 173.499666
983 172.832244
982 172.187129
981 171.582725
980 171.038237
979 170.565007
978 170.177211
977 169.885867
976 169.695306
975 169.609314
974 169.628149
973 169.74742
972 169.961987
971 170.265131
970 170.646521
969 171.09624
968 171.601146
967 172.149215
966 172.726678
965 173.319813
964 173.914677
963 174.499193
962 175.060583
961 175.587411
960 176.070474
959 176.50507
958 176.881031
957 177.196933
956 177.448255
955 177.630408
954 177.743427
953 177.785061
952 177.753752
951 177.650768
950 177.476016
949 177.231365
948 176.920742
947 176.547677
946 176.119528
945 175.640743
944 175.119249
943 174.562994
942 173.979768
941 173.378249
940 172.768375
939 172.160217
938 171.564521
937 170.991717
936 170.455885
935 169.96971
934 169.544769
933 169.194461
932 168.929877
931 168.759258
930 168.691403
929 168.730957
928 168.877671
927 169.132121
926 169.488706
925 169.939846
924 170.478066
923 171.090663
922 171.764686
921 172.487983
920 173.242772
919 174.013665
918 174.784431
917 175.536306
916 176.250591
915 176.910943
914 177.49904
913 178.000162
912 178.402812
911 178.695277
910 178.871453
909 178.929352
908 178.866042
907 178.685606
906 178.393429
905 177.995087
904 177.501216
903 176.922852
902 176.270758
901 175.561522
900 174.811207
899 174.036294
898 173.257934
897 172.493906
896 171.764398
895 171.089573
894 170.485928
893 169.967976
892 169.549129
891 169.237015
890 169.036188
889 168.94839
888 168.972308
887 169.101057
886 169.329352
885 169.645539
884 170.038436
883 170.497349
882 171.007241
881 171.553648
880 172.124044
879 172.703186
878 173.27628
877 173.830715
876 174.355053
875 174.839349
874 175.274702
873 175.65492
872 175.975431
871 176.234285
870 176.430067
869 176.56388
868 176.635136
867 176.646389
866 176.599489
865 176.498555
864 176.346221
863 176.147619
862 175.907467
861 175.631399
860 175.325613
859 174.996614
858 174.650965
857 174.29385
856 173.932129
855 173.570185
854 173.214758
853 172.870546
852 172.543702
851 172.240072
850 171.9637
849 171.723391
848 171.522124
847 171.366843
846 171.261659
845 171.208994
844 171.211792
843 171.270949
842 171.38532
841 171.554119
840 171.772986
839 172.038251
838 172.344184
837 172.683355
836 173.048504
835 173.43127
834 173.82171
833 174.209509
832 174.584764
831 174.935446
830 175.251593
829 175.522987
828 175.740163
827 175.895355
826 175.982835
825 175.996632
824 175.936831
823 175.802751
822 175.597613
821 175.326422
820 174.994682
819 174.611232
818 174.186837
817 173.73092
816 173.256394
815 172.777145
814 172.306158
813 171.858127
812 171.448992
811 171.090221
810 170.79594
809 170.576684
808 170.439467
807 170.391034
806 170.433126
805 170.564267
804 170.781977
803 171.079894
802 171.447813
801 171.877157
800 172.35554
799 172.868075
798 173.403418
797 173.946941
796 174.482737
795 174.998926
794 175.481613
793 175.919209
792 176.300663
791 176.615832
790 176.858021
789 177.022789
788 177.105431
787 177.105624
786 177.025517
785 176.866812
784 176.63544
783 176.337912
782 175.981566
781 175.5738
780 175.124258
779 174.641145
778 174.133822
777 173.612221
776 173.085969
775 172.566212
774 172.062969
773 171.586578
772 171.146859
771 170.752447
770 170.411385
769 170.129274
768 169.911512
767 169.759942
766 169.677897
765 169.665563
764 169.724031
763 169.852766
762 170.051465
761 170.316583
760 170.646017
759 171.035589
758 171.479041
757 171.970463
756 172.499822
755 173.057448
754 173.634179
753 174.217991
752 174.797299
751 175.362499
750 175.90074
749 176.402125
748 176.856901
747 177.256498
746 177.590191
745 177.851175
744 178.032692
743 178.126908
742 178.130925
741 178.041079
740 177.85494
739 177.576091
738 177.206518
737 176.751818
736 176.222124
735 175.626157
734 174.9762
733 174.28742
732 173.573266
731 172.849529
730 172.133422
729 171.441214
728 170.788809
727 170.194219
726 169.672296
725 169.236622
724 168.9022
723 168.676219
722 168.566019
721 168.576443
720 168.703217
719 168.943282
718 169.290486
717 169.730942
716 170.253697
715 170.844305
714 171.486135
713 172.164728
712 172.862655
711 173.562937
710 174.250215
709 174.910228
708 175.52623
707 176.087015
706 176.581855
705 177.000153
704 177.335946
703 177.584094
702 177.7399
701 177.80589
700 177.783414
699 177.674211
698 177.485346
697 177.222131
696 176.892751
695 176.504898
694 176.068342
693 175.591851
692 175.085502
691 174.559434
690 174.024488
689 173.490779
688 172.969851
687 172.472656
686 172.008301
685 171.587756
684 171.217191
683 170.90417
682 170.654056
681 170.470021
680 170.354243
679 170.308206
678 170.33101
677 170.423192
676 170.581947
675 170.80397
674 171.085978
673 171.421175
672 171.802218
671 172.221349
670 172.66852
669 173.133035
668 173.603779
667 174.070753
666 174.522006
665 174.948229
664 175.340234
663 175.688293
662 175.985892
661 176.224002
660 176.397127
659 176.500207
658 176.528284
657 176.479545
656 176.353209
655 176.148969
654 175.871169
653 175.526014
652 175.120387
651 174.664652
650 174.171617
649 173.654505
648 173.128007
647 172.606504
646 172.105817
645 171.640555
644 171.22345
643 170.866885
642 170.582179
641 170.378253
640 170.262574
639 170.240873
638 170.315771
637 170.485905
636 170.750122
635 171.099894
634 171.526259
633 172.017745
632 172.557497
631 173.130181
630 173.719763
629 174.307902
628 174.878174
627 175.417262
626 175.909092
625 176.342836
624 176.708089
623 176.994616
622 177.19631
621 177.307447
620 177.323
619 177.245163
618 177.07208
617 176.808838
616 176.461895
615 176.039049
614 175.551534
613 175.012092
612 174.433384
611 173.831186
610 173.219343
609 172.613416
608 172.026224
607 171.472658
606 170.966592
605 170.515659
604 170.133228
603 169.826368
602 169.602385
601 169.468121
600 169.424778
599 169.475795
598 169.619139
597 169.851881
596 170.168441
595 170.561867
594 171.022074
593 171.539822
592 172.104738
591 172.703999
590 173.328014
589 173.965306
588 174.603668
587 175.233124
586 175.841721
585 176.417974
584 176.950178
583 177.428427
582 177.842231
581 178.180053
580 178.437204
579 178.603611
578 178.676488
577 178.651553
576 178.525446
575 178.299746
574 177.975634
573 177.554196
572 177.042776
571 176.446759
570 175.774885
569 175.039908
568 174.253221
567 173.431203
566 172.590392
565 171.752123
564 170.932835
563 170.155771
562 169.441194
561 168.806758
560 168.272363
559 167.854691
558 167.564461
557 167.413658
556 167.409859
555 167.551734
554 167.841562
553 168.272365
552 168.833534
551 169.513638
550 170.295345
549 171.156742
548 172.078189
547 173.033867
546 173.997949
545 174.947491
544 175.857601
543 176.705318
542 177.472053
541 178.141728
540 178.698459
539 179.133429
538 179.438308
537 179.60598
536 179.638113
535 179.531352
534 179.290281
533 178.921634
532 178.433073
531 177.837047
530 177.149849
529 176.38709
528 175.569183
527 174.717455
526 173.853379
525 172.998384
524 172.175019
523 171.400043
522 170.694125
521 170.071434
520 169.544222
519 169.123835
518 168.817009
517 168.627631
516 168.557868
515 168.605972
514 168.767555
513 169.035926
512 169.400976
511 169.850579
510 170.370953
509 170.94797
508 171.564121
507 172.204437
506 172.85327
505 173.494733
504 174.117327
503 174.709408
502 175.259073
501 175.760301
500 176.203108
499 176.582863
498 176.893017
497 177.128813
496 177.286996
495 177.365216
494 177.361184
493 177.276801
492 177.113142
491 176.872838
490 176.562167
489 176.185946
488 175.752176
487 175.267091
486 174.741917
485 174.185492
484 173.608408
483 173.023521
482 172.44315
481 171.878961
480 171.34799
479 170.861959
478 170.436494
477 170.083398
476 169.815546
475 169.642203
474 169.57122
473 169.607524
472 169.753758
471 170.007204
470 170.364392
469 170.816549
468 171.35472
467 171.963884
466 172.629558
465 173.335789
464 174.061982
463 174.790324
462 175.500334
461 176.171607
460 176.786292
459 177.324969
458 177.770709
457 178.110406
456 178.33174
455 178.4248
454 178.386724
453 178.21381
452 177.907799
451 177.476021
450 176.924216
449 176.26557
448 175.515271
447 174.689157
446 173.807648
445 172.895893
444 171.975265
443 171.073569
442 170.219554
441 169.436158
440 168.750344
439 168.186385
438 167.760015
437 167.488565
436 167.381274
435 167.441378
434 167.668945
433 168.057559
432 168.594009
431 169.263831
430 170.048355
429 170.9219
428 171.86334
427 172.846136
426 173.843133
425 174.830166
424 175.783146
423 176.676013
422 177.491422
421 178.208157
420 178.811048
419 179.289807
418 179.63398
417 179.837685
416 179.901354
415 179.824017
414 179.611331
413 179.269393
412 178.80648
411 178.234045
410 177.564884
409 176.812882
408 175.993776
407 175.125129
406 174.223783
405 173.310913
404 172.406217
403 171.527565
402 170.695501
401 169.927672
400 169.238599
399 168.642598
398 168.151565
397 167.771501
396 167.510169
395 167.372503
394 167.35701
393 167.466073
392 167.696525
391 168.043572
390 168.501506
389 169.061648
388 169.711306
387 170.438918
386 171.230102
385 172.067553
384 172.935522
383 173.818148
382 174.69587
381 175.554425
380 176.377259
379 177.148615
378 177.85442
377 178.483484
376 179.020319
375 179.454578
374 179.777079
373 179.976311
372 180.046729
371 179.982199
370 179.779387
369 179.438541
368 178.963707
367 178.359971
366 177.639445
365 176.814744
364 175.901171
363 174.919572
362 173.891432
361 172.837721
360 171.786476
359 170.761495
358 169.790584
357 168.900726
356 168.117859
355 167.465637
354 166.967001
353 166.638246
352 166.490621
351 166.534182
350 166.766283
349 167.180659
348 167.767478
347 168.506617
346 169.374685
345 170.349434
344 171.398038
343 172.492108
342 173.601329
341 174.693969
340 175.741848
339 176.718671
338 177.596629
337 178.357014
336 178.98075
335 179.452296
334 179.762757
333 179.905979
332 179.87826
331 179.684908
330 179.33226
329 178.830179
328 178.195511
327 177.446303
326 176.602669
325 175.691228
324 174.736389
323 173.763698
322 172.802301
321 171.877435
320 171.014679
319 170.240031
318 169.573432
317 169.032764
316 168.633641
315 168.382207
314 168.284845
313 168.340789
312 168.541895
311 168.878122
310 169.335912
309 169.896907
308 170.542592
307 171.250964
306 172.002914
305 172.77558
304 173.550216
303 174.306551
302 175.027951
301 175.696651
300 176.299946
299 176.826233
298 177.265619
297 177.610852
296 177.858994
295 178.006875
294 178.054356
293 178.004387
292 177.860008
291 177.624831
290 177.305457
289 176.907641
288 176.43772
287 175.905987
286 175.317998
285 174.685735
284 174.017589
283 173.326621
282 172.624562
281 171.926013
280 171.244582
279 170.59571
278 169.994565
277 169.456073
276 168.993244
275 168.618752
274 168.343373
273 168.175484
272 168.12345
271 168.191664
270 168.38288
269 168.699791
268 169.140304
267 169.698773
266 170.369792
265 171.140026
264 171.995374
263 172.918542
262 173.887486
261 174.877894
260 175.868415
259 176.830489
258 177.740068
257 178.575432
256 179.313079
255 179.931597
254 180.41703
253 180.752347
252 180.926885
251 180.933485
250 180.764659
249 180.420957
248 179.906384
247 179.224516
246 178.388811
245 177.415204
244 176.320764
243 175.132578
242 173.879107
241 172.588003
240 171.298335
239 170.043725
238 168.859787
237 167.785656
236 166.852753
235 166.090584
234 165.526991
233 165.179891
232 165.059774
231 165.174897
230 165.518555
229 166.081647
228 166.845737
227 167.785464
226 168.869823
225 170.068212
224 171.340959
223 172.652504
222 173.969217
221 175.252743
220 176.472729
219 177.604098
218 178.61721
217 179.495512
216 180.221792
215 180.781805
214 181.168392
213 181.378748
212 181.410573
211 181.26896
210 180.961563
209 180.497178
208 179.892346
207 179.162024
206 178.32636
205 177.406165
204 176.424031
203 175.402092
202 174.366014
201 173.338825
200 172.34223
199 171.399519
198 170.530275
197 169.749477
196 169.074959
195 168.517178
194 168.083548
193 167.781691
192 167.612516
191 167.574356
190 167.665934
189 167.879196
188 168.207607
187 168.639243
186 169.164329
185 169.769916
184 170.441685
183 171.166605
182 171.931185
181 172.719841
180 173.518613
179 174.312661
178 175.087801
177 175.829297
176 176.522143
175 177.153899
174 177.709878
173 178.178966
172 178.552813
171 178.821349
170 178.977275
169 179.019072
168 178.941472
167 178.744265
166 178.428963
165 177.999556
164 177.460058
163 176.820409
162 176.089972
161 175.28221
160 174.414267
159 173.505416
158 172.576665
157 171.652994
156 170.760578
155 169.924387
154 169.173979
153 168.53094
152 168.021137
151 167.662982
150 167.469448
149 167.450996
148 167.611091
147 167.944054
146 168.444865
145 169.09823
144 169.883147
143 170.780734
142 171.763267
141 172.800758
140 173.867424
139 174.930371
138 175.95888
137 176.926337
136 177.802847
135 178.565511
134 179.191983
133 179.664563
132 179.970709
131 180.102056
130 180.053272
129 179.826074
128 179.425606
127 178.860936
126 178.146132
125 177.301292
124 176.344479
123 175.304115
122 174.20891
121 173.086812
120 171.972496
119 170.898722
118 169.894197
117 168.992594
116 168.218837
115 167.59587
114 167.143951
113 166.874341
112 166.792482
111 166.902158
110 167.194191
109 167.658486
108 168.279852
107 169.035481
106 169.902035
105 170.854557
104 171.864912
103 172.904616
102 173.948184
101 174.968328
100 175.941741
99 176.847213
98 177.664654
97 178.377426
96 178.975941
95 179.446918
94 179.786216
93 179.989253
92 180.055574
91 179.986232
90 179.786213
89 179.458959
88 179.0156
87 178.46336
86 177.813727
85 177.080472
84 176.277337
83 175.418683
82 174.521211
81 173.601802
80 172.676868
79 171.764045
78 170.880981
77 170.043201
76 169.268038
75 168.572743
74 167.970655
73 167.477114
72 167.104615
71 166.863019
70 166.760427
69 166.803574
68 166.991491
67 167.324649
66 167.797092
65 168.399553
64 169.121695
63 169.948646
62 170.86241
61 171.844638
60 172.873912
59 173.927587
58 174.983545
57 176.019382
56 177.010991
55 177.937092
54 178.777354
53 179.510716
52 180.121345
51 180.592582
50 180.911023
49 181.069277
48 181.05897
47 180.875967
46 180.5251
45 180.008552
44 179.335744
43 178.521384
42 177.580251
41 176.532296
40 175.403492
39 174.216859
38 173.002704
37 171.792179
36 170.615467
35 169.504902
34 168.494702
33 167.610408
32 166.880495
31 166.328295
30 165.968409
29 165.812586
28 165.86562
27 166.122301
26 166.574326
25 167.20671
24 167.994101
23 168.91472
22 169.937783
21 171.03057
20 172.162776
19 173.303005
18 174.416532
17 175.479654
16 176.463357
15 177.345337
14 178.107383
13 178.732912
12 179.21018
11 179.533326
10 179.69679
9 179.701074
8 179.551383
7 179.254263
6 178.820106
5 178.264257
4 177.60187
3 176.85127
2 176.034261
1 175.170336
